0 60 0
1 60 0
2 60 0
3 60 0
4 60 0
5 60 0
6 60 0
7 60 0
8 60 0
9 60 0
10 60 0
11 60 0
12 60 0
13 60 0
14 60 0
15 60 0
16 60 0
17 60 0
18 60 0
19 60 0
20 60 0
21 60 0
22 60 0
23 60 0
24 60 0
25 60 0
26 60 0
27 60 0
28 60 0
29 60 0
30 60 0
31 60 0
32 60 0
33 60 0
34 60 0
35 60 0
36 60 0
37 60 0
38 60 0
39 60 0
40 60 0
41 60 0
42 60 0
43 60 0
44 60 0
45 60 0
46 60 0
47 60 0
48 60 0
49 60 0
50 60 0
51 60 0
52 60 0
53 60 0
54 60 0
55 60 0
56 60 0
57 60 0
58 60 0
59 60 0
60 60 0
61 60 0
62 60 0
63 60 0
64 60 0
65 60 0
66 60 0
67 60 0
68 60 0
69 60 0
70 60 0
71 60 0
72 60 0
73 60 0
74 60 0
75 60 0
76 60 0
77 60 0
78 60 0
79 60 0
80 60 0
81 60 0
82 60 0
83 60 0
84 60 0
85 60 0
86 60 0
87 60 0
88 60 0
89 60 0
90 60 0
91 60 0
92 60 0
93 60 0
94 60 0
95 60 0
96 60 0
97 60 0
98 60 0
99 60 0

0 61 0
1 61 0
2 61 0
3 61 0
4 61 0
5 61 0
6 61 0
7 61 0
8 61 0
9 61 0
10 61 0
11 61 0
12 61 0
13 61 0
14 61 0
15 61 0
16 61 0
17 61 0
18 61 0
19 61 0
20 61 0
21 61 0
22 61 0
23 61 0
24 61 0
25 61 0
26 61 0
27 61 0
28 61 0
29 61 0
30 61 0
31 61 0
32 61 0
33 61 0
34 61 0
35 61 0
36 61 0
37 61 0
38 61 0
39 61 0
40 61 0
41 61 0
42 61 0
43 61 0
44 61 0
45 61 0
46 61 0
47 61 0
48 61 0
49 61 0
50 61 0
51 61 0
52 61 0
53 61 0
54 61 0
55 61 0
56 61 0
57 61 0
58 61 0
59 61 0
60 61 0
61 61 0
62 61 0
63 61 0
64 61 0
65 61 0
66 61 0
67 61 0
68 61 0
69 61 0
70 61 0
71 61 0
72 61 0
73 61 0
74 61 0
75 61 0
76 61 0
77 61 0
78 61 0
79 61 0
80 61 0
81 61 0
82 61 0
83 61 0
84 61 0
85 61 0
86 61 0
87 61 0
88 61 0
89 61 0
90 61 0
91 61 0
92 61 0
93 61 0
94 61 0
95 61 0
96 61 0
97 61 0
98 61 0
99 61 0

0 62 0
1 62 0
2 62 0
3 62 0
4 62 0
5 62 0
6 62 0
7 62 0
8 62 0
9 62 0
10 62 0
11 62 0
12 62 0
13 62 0
14 62 0
15 62 0
16 62 0
17 62 0
18 62 0
19 62 0
20 62 0
21 62 0
22 62 0
23 62 0
24 62 0
25 62 0
26 62 0
27 62 0
28 62 0
29 62 0
30 62 0
31 62 0
32 62 0
33 62 0
34 62 0
35 62 0
36 62 0
37 62 0
38 62 0
39 62 0
40 62 0
41 62 0
42 62 0
43 62 0
44 62 0
45 62 0
46 62 0
47 62 0
48 62 0
49 62 0
50 62 0
51 62 0
52 62 0
53 62 0
54 62 0
55 62 0
56 62 0
57 62 0
58 62 0
59 62 0
60 62 0
61 62 0
62 62 0
63 62 0
64 62 0
65 62 0
66 62 0
67 62 0
68 62 0
69 62 0
70 62 0
71 62 0
72 62 0
73 62 0
74 62 0
75 62 0
76 62 0
77 62 0
78 62 0
79 62 0
80 62 0
81 62 0
82 62 0
83 62 0
84 62 0
85 62 0
86 62 0
87 62 0
88 62 0
89 62 0
90 62 0
91 62 0
92 62 0
93 62 0
94 62 0
95 62 0
96 62 0
97 62 0
98 62 0
99 62 0

0 63 0
1 63 0
2 63 0
3 63 0
4 63 0
5 63 0
6 63 0
7 63 0
8 63 0
9 63 0
10 63 0
11 63 0
12 63 0
13 63 0
14 63 0
15 63 0
16 63 0
17 63 0
18 63 0
19 63 0
20 63 0
21 63 0
22 63 0
23 63 0
24 63 0
25 63 0
26 63 0
27 63 0
28 63 0
29 63 0
30 63 0
31 63 0
32 63 0
33 63 0
34 63 0
35 63 0
36 63 0
37 63 0
38 63 0
39 63 0
40 63 0
41 63 0
42 63 0
43 63 0
44 63 0
45 63 0
46 63 0
47 63 0
48 63 0
49 63 0
50 63 0
51 63 0
52 63 0
53 63 0
54 63 0
55 63 0
56 63 0
57 63 0
58 63 0
59 63 0
60 63 0
61 63 0
62 63 0
63 63 0
64 63 0
65 63 0
66 63 0
67 63 0
68 63 0
69 63 0
70 63 0
71 63 0
72 63 0
73 63 0
74 63 0
75 63 0
76 63 0
77 63 0
78 63 0
79 63 0
80 63 0
81 63 0
82 63 0
83 63 0
84 63 0
85 63 0
86 63 0
87 63 0
88 63 0
89 63 0
90 63 0
91 63 0
92 63 0
93 63 0
94 63 0
95 63 0
96 63 0
97 63 0
98 63 0
99 63 0

0 64 0
1 64 0
2 64 0
3 64 0
4 64 0
5 64 0
6 64 0
7 64 0
8 64 0
9 64 0
10 64 0
11 64 0
12 64 0
13 64 0
14 64 0
15 64 0
16 64 0
17 64 0
18 64 0
19 64 0
20 64 0
21 64 0
22 64 0
23 64 0
24 64 0
25 64 0
26 64 0
27 64 0
28 64 0
29 64 0
30 64 0
31 64 0
32 64 0
33 64 0
34 64 0
35 64 0
36 64 0
37 64 0
38 64 0
39 64 0
40 64 0
41 64 0
42 64 0
43 64 0
44 64 0
45 64 0
46 64 0
47 64 0
48 64 0
49 64 0
50 64 0
51 64 0
52 64 0
53 64 0
54 64 0
55 64 0
56 64 0
57 64 0
58 64 0
59 64 0
60 64 0
61 64 0
62 64 0
63 64 0
64 64 0
65 64 0
66 64 0
67 64 0
68 64 0
69 64 0
70 64 0
71 64 0
72 64 0
73 64 0
74 64 0
75 64 0
76 64 0
77 64 0
78 64 0
79 64 0
80 64 0
81 64 0
82 64 0
83 64 0
84 64 0
85 64 0
86 64 0
87 64 0
88 64 0
89 64 0
90 64 0
91 64 0
92 64 0
93 64 0
94 64 0
95 64 0
96 64 0
97 64 0
98 64 0
99 64 0

0 65 0
1 65 0
2 65 0
3 65 0
4 65 0
5 65 0
6 65 0
7 65 0
8 65 0
9 65 0
10 65 0
11 65 0
12 65 0
13 65 0
14 65 0
15 65 0
16 65 0
17 65 0
18 65 0
19 65 0
20 65 0
21 65 0
22 65 0
23 65 0
24 65 0
25 65 0
26 65 0
27 65 0
28 65 0
29 65 0
30 65 0
31 65 0
32 65 0
33 65 0
34 65 0
35 65 0
36 65 0
37 65 0
38 65 0
39 65 0
40 65 0
41 65 0
42 65 0
43 65 0
44 65 0
45 65 0
46 65 0
47 65 0
48 65 0
49 65 0
50 65 0
51 65 0
52 65 0
53 65 0
54 65 0
55 65 0
56 65 0
57 65 0
58 65 0
59 65 0
60 65 0
61 65 0
62 65 0
63 65 0
64 65 0
65 65 0
66 65 0
67 65 0
68 65 0
69 65 0
70 65 0
71 65 0
72 65 0
73 65 0
74 65 0
75 65 0
76 65 0
77 65 0
78 65 0
79 65 0
80 65 0
81 65 0
82 65 0
83 65 0
84 65 0
85 65 0
86 65 0
87 65 0
88 65 0
89 65 0
90 65 0
91 65 0
92 65 0
93 65 0
94 65 0
95 65 0
96 65 0
97 65 0
98 65 0
99 65 0

0 66 1.50639e+06
1 66 1.51165e+06
2 66 1.51685e+06
3 66 1.522e+06
4 66 1.52709e+06
5 66 1.53212e+06
6 66 1.53708e+06
7 66 1.54198e+06
8 66 1.5468e+06
9 66 1.55156e+06
10 66 1.55624e+06
11 66 1.56084e+06
12 66 1.56537e+06
13 66 1.56981e+06
14 66 1.57416e+06
15 66 1.57843e+06
16 66 1.58261e+06
17 66 1.5867e+06
18 66 1.59069e+06
19 66 1.59459e+06
20 66 1.59838e+06
21 66 1.60208e+06
22 66 1.60567e+06
23 66 1.60915e+06
24 66 1.61253e+06
25 66 1.6158e+06
26 66 1.61895e+06
27 66 1.622e+06
28 66 1.62492e+06
29 66 1.62773e+06
30 66 1.63042e+06
31 66 1.633e+06
32 66 1.63544e+06
33 66 1.63777e+06
34 66 1.63997e+06
35 66 1.64204e+06
36 66 1.64399e+06
37 66 1.6458e+06
38 66 1.64749e+06
39 66 1.64904e+06
40 66 1.65047e+06
41 66 1.65176e+06
42 66 1.65292e+06
43 66 1.65394e+06
44 66 1.65483e+06
45 66 1.65558e+06
46 66 1.65619e+06
47 66 1.65667e+06
48 66 1.65702e+06
49 66 1.65722e+06
50 66 1.65729e+06
51 66 1.65722e+06
52 66 1.65702e+06
53 66 1.65667e+06
54 66 1.65619e+06
55 66 1.65558e+06
56 66 1.65483e+06
57 66 1.65394e+06
58 66 1.65292e+06
59 66 1.65176e+06
60 66 1.65047e+06
61 66 1.64904e+06
62 66 1.64749e+06
63 66 1.6458e+06
64 66 1.64399e+06
65 66 1.64204e+06
66 66 1.63997e+06
67 66 1.63777e+06
68 66 1.63544e+06
69 66 1.633e+06
70 66 1.63042e+06
71 66 1.62773e+06
72 66 1.62492e+06
73 66 1.622e+06
74 66 1.61895e+06
75 66 1.6158e+06
76 66 1.61253e+06
77 66 1.60915e+06
78 66 1.60567e+06
79 66 1.60208e+06
80 66 1.59838e+06
81 66 1.59459e+06
82 66 1.59069e+06
83 66 1.5867e+06
84 66 1.58261e+06
85 66 1.57843e+06
86 66 1.57416e+06
87 66 1.56981e+06
88 66 1.56537e+06
89 66 1.56084e+06
90 66 1.55624e+06
91 66 1.55156e+06
92 66 1.5468e+06
93 66 1.54198e+06
94 66 1.53708e+06
95 66 1.53212e+06
96 66 1.52709e+06
97 66 1.522e+06
98 66 1.51685e+06
99 66 1.51165e+06

0 67 2.34925e+06
1 67 2.36326e+06
2 67 2.37712e+06
3 67 2.39084e+06
4 67 2.4044e+06
5 67 2.4178e+06
6 67 2.43102e+06
7 67 2.44407e+06
8 67 2.45693e+06
9 67 2.4696e+06
10 67 2.48207e+06
11 67 2.49434e+06
12 67 2.50639e+06
13 67 2.51823e+06
14 67 2.52983e+06
15 67 2.54121e+06
16 67 2.55234e+06
17 67 2.56323e+06
18 67 2.57387e+06
19 67 2.58425e+06
20 67 2.59436e+06
21 67 2.6042e+06
22 67 2.61377e+06
23 67 2.62306e+06
24 67 2.63206e+06
25 67 2.64076e+06
26 67 2.64917e+06
27 67 2.65728e+06
28 67 2.66508e+06
29 67 2.67257e+06
30 67 2.67974e+06
31 67 2.68658e+06
32 67 2.69311e+06
33 67 2.6993e+06
34 67 2.70516e+06
35 67 2.71068e+06
36 67 2.71587e+06
37 67 2.72071e+06
38 67 2.7252e+06
39 67 2.72935e+06
40 67 2.73314e+06
41 67 2.73658e+06
42 67 2.73966e+06
43 67 2.74239e+06
44 67 2.74475e+06
45 67 2.74675e+06
46 67 2.7484e+06
47 67 2.74967e+06
48 67 2.75059e+06
49 67 2.75113e+06
50 67 2.75132e+06
51 67 2.75113e+06
52 67 2.75059e+06
53 67 2.74967e+06
54 67 2.7484e+06
55 67 2.74675e+06
56 67 2.74475e+06
57 67 2.74239e+06
58 67 2.73966e+06
59 67 2.73658e+06
60 67 2.73314e+06
61 67 2.72935e+06
62 67 2.7252e+06
63 67 2.72071e+06
64 67 2.71587e+06
65 67 2.71068e+06
66 67 2.70516e+06
67 67 2.6993e+06
68 67 2.69311e+06
69 67 2.68658e+06
70 67 2.67974e+06
71 67 2.67257e+06
72 67 2.66508e+06
73 67 2.65728e+06
74 67 2.64917e+06
75 67 2.64076e+06
76 67 2.63206e+06
77 67 2.62306e+06
78 67 2.61377e+06
79 67 2.6042e+06
80 67 2.59436e+06
81 67 2.58425e+06
82 67 2.57387e+06
83 67 2.56323e+06
84 67 2.55234e+06
85 67 2.54121e+06
86 67 2.52983e+06
87 67 2.51823e+06
88 67 2.50639e+06
89 67 2.49434e+06
90 67 2.48207e+06
91 67 2.4696e+06
92 67 2.45693e+06
93 67 2.44407e+06
94 67 2.43102e+06
95 67 2.4178e+06
96 67 2.4044e+06
97 67 2.39084e+06
98 67 2.37712e+06
99 67 2.36326e+06

0 68 1.16744e+07
1 68 1.17645e+07
2 68 1.18536e+07
3 68 1.19418e+07
4 68 1.2029e+07
5 68 1.21151e+07
6 68 1.22002e+07
7 68 1.2284e+07
8 68 1.23667e+07
9 68 1.24482e+07
10 68 1.25284e+07
11 68 1.26072e+07
12 68 1.26847e+07
13 68 1.27608e+07
14 68 1.28354e+07
15 68 1.29085e+07
16 68 1.29801e+07
17 68 1.30501e+07
18 68 1.31185e+07
19 68 1.31853e+07
20 68 1.32503e+07
21 68 1.33136e+07
22 68 1.33751e+07
23 68 1.34348e+07
24 68 1.34926e+07
25 68 1.35486e+07
26 68 1.36027e+07
27 68 1.36548e+07
28 68 1.37049e+07
29 68 1.37531e+07
30 68 1.37992e+07
31 68 1.38432e+07
32 68 1.38851e+07
33 68 1.39249e+07
34 68 1.39626e+07
35 68 1.39981e+07
36 68 1.40315e+07
37 68 1.40626e+07
38 68 1.40915e+07
39 68 1.41181e+07
40 68 1.41425e+07
41 68 1.41646e+07
42 68 1.41844e+07
43 68 1.4202e+07
44 68 1.42172e+07
45 68 1.423e+07
46 68 1.42406e+07
47 68 1.42488e+07
48 68 1.42547e+07
49 68 1.42582e+07
50 68 1.42594e+07
51 68 1.42582e+07
52 68 1.42547e+07
53 68 1.42488e+07
54 68 1.42406e+07
55 68 1.423e+07
56 68 1.42172e+07
57 68 1.4202e+07
58 68 1.41844e+07
59 68 1.41646e+07
60 68 1.41425e+07
61 68 1.41181e+07
62 68 1.40915e+07
63 68 1.40626e+07
64 68 1.40315e+07
65 68 1.39981e+07
66 68 1.39626e+07
67 68 1.39249e+07
68 68 1.38851e+07
69 68 1.38432e+07
70 68 1.37992e+07
71 68 1.37531e+07
72 68 1.37049e+07
73 68 1.36548e+07
74 68 1.36027e+07
75 68 1.35486e+07
76 68 1.34926e+07
77 68 1.34348e+07
78 68 1.33751e+07
79 68 1.33136e+07
80 68 1.32503e+07
81 68 1.31853e+07
82 68 1.31185e+07
83 68 1.30501e+07
84 68 1.29801e+07
85 68 1.29085e+07
86 68 1.28354e+07
87 68 1.27608e+07
88 68 1.26847e+07
89 68 1.26072e+07
90 68 1.25284e+07
91 68 1.24482e+07
92 68 1.23667e+07
93 68 1.2284e+07
94 68 1.22002e+07
95 68 1.21151e+07
96 68 1.2029e+07
97 68 1.19418e+07
98 68 1.18536e+07
99 68 1.17645e+07

0 69 4.18872e+07
1 69 4.22494e+07
2 69 4.26079e+07
3 69 4.29626e+07
4 69 4.33132e+07
5 69 4.36596e+07
6 69 4.40016e+07
7 69 4.4339e+07
8 69 4.46716e+07
9 69 4.49992e+07
10 69 4.53217e+07
11 69 4.56388e+07
12 69 4.59505e+07
13 69 4.62564e+07
14 69 4.65566e+07
15 69 4.68507e+07
16 69 4.71386e+07
17 69 4.74201e+07
18 69 4.76951e+07
19 69 4.79635e+07
20 69 4.8225e+07
21 69 4.84796e+07
22 69 4.8727e+07
23 69 4.89671e+07
24 69 4.91998e+07
25 69 4.94249e+07
26 69 4.96423e+07
27 69 4.9852e+07
28 69 5.00536e+07
29 69 5.02472e+07
30 69 5.04326e+07
31 69 5.06096e+07
32 69 5.07783e+07
33 69 5.09385e+07
34 69 5.109e+07
35 69 5.12328e+07
36 69 5.13668e+07
37 69 5.1492e+07
38 69 5.16082e+07
39 69 5.17154e+07
40 69 5.18134e+07
41 69 5.19024e+07
42 69 5.19821e+07
43 69 5.20525e+07
44 69 5.21137e+07
45 69 5.21655e+07
46 69 5.22079e+07
47 69 5.22409e+07
48 69 5.22645e+07
49 69 5.22787e+07
50 69 5.22834e+07
51 69 5.22787e+07
52 69 5.22645e+07
53 69 5.22409e+07
54 69 5.22079e+07
55 69 5.21655e+07
56 69 5.21137e+07
57 69 5.20525e+07
58 69 5.19821e+07
59 69 5.19024e+07
60 69 5.18134e+07
61 69 5.17154e+07
62 69 5.16082e+07
63 69 5.1492e+07
64 69 5.13668e+07
65 69 5.12328e+07
66 69 5.109e+07
67 69 5.09385e+07
68 69 5.07783e+07
69 69 5.06096e+07
70 69 5.04326e+07
71 69 5.02472e+07
72 69 5.00536e+07
73 69 4.9852e+07
74 69 4.96423e+07
75 69 4.94249e+07
76 69 4.91998e+07
77 69 4.89671e+07
78 69 4.8727e+07
79 69 4.84796e+07
80 69 4.8225e+07
81 69 4.79635e+07
82 69 4.76951e+07
83 69 4.74201e+07
84 69 4.71386e+07
85 69 4.68507e+07
86 69 4.65566e+07
87 69 4.62564e+07
88 69 4.59505e+07
89 69 4.56388e+07
90 69 4.53217e+07
91 69 4.49992e+07
92 69 4.46716e+07
93 69 4.4339e+07
94 69 4.40016e+07
95 69 4.36596e+07
96 69 4.33132e+07
97 69 4.29626e+07
98 69 4.26079e+07
99 69 4.22494e+07

0 70 1.10731e+08
1 70 1.11735e+08
2 70 1.12729e+08
3 70 1.13713e+08
4 70 1.14685e+08
5 70 1.15645e+08
6 70 1.16593e+08
7 70 1.17529e+08
8 70 1.18451e+08
9 70 1.19359e+08
10 70 1.20254e+08
11 70 1.21133e+08
12 70 1.21997e+08
13 70 1.22845e+08
14 70 1.23678e+08
15 70 1.24493e+08
16 70 1.25291e+08
17 70 1.26072e+08
18 70 1.26834e+08
19 70 1.27579e+08
20 70 1.28304e+08
21 70 1.29009e+08
22 70 1.29695e+08
23 70 1.30361e+08
24 70 1.31006e+08
25 70 1.31631e+08
26 70 1.32233e+08
27 70 1.32815e+08
28 70 1.33374e+08
29 70 1.3391e+08
30 70 1.34424e+08
31 70 1.34915e+08
32 70 1.35383e+08
33 70 1.35827e+08
34 70 1.36247e+08
35 70 1.36643e+08
36 70 1.37015e+08
37 70 1.37362e+08
38 70 1.37684e+08
39 70 1.37981e+08
40 70 1.38253e+08
41 70 1.385e+08
42 70 1.38721e+08
43 70 1.38916e+08
44 70 1.39086e+08
45 70 1.39229e+08
46 70 1.39347e+08
47 70 1.39438e+08
48 70 1.39504e+08
49 70 1.39543e+08
50 70 1.39556e+08
51 70 1.39543e+08
52 70 1.39504e+08
53 70 1.39438e+08
54 70 1.39347e+08
55 70 1.39229e+08
56 70 1.39086e+08
57 70 1.38916e+08
58 70 1.38721e+08
59 70 1.385e+08
60 70 1.38253e+08
61 70 1.37981e+08
62 70 1.37684e+08
63 70 1.37362e+08
64 70 1.37015e+08
65 70 1.36643e+08
66 70 1.36247e+08
67 70 1.35827e+08
68 70 1.35383e+08
69 70 1.34915e+08
70 70 1.34424e+08
71 70 1.3391e+08
72 70 1.33374e+08
73 70 1.32815e+08
74 70 1.32233e+08
75 70 1.31631e+08
76 70 1.31006e+08
77 70 1.30361e+08
78 70 1.29695e+08
79 70 1.29009e+08
80 70 1.28304e+08
81 70 1.27579e+08
82 70 1.26834e+08
83 70 1.26072e+08
84 70 1.25291e+08
85 70 1.24493e+08
86 70 1.23678e+08
87 70 1.22845e+08
88 70 1.21997e+08
89 70 1.21133e+08
90 70 1.20254e+08
91 70 1.19359e+08
92 70 1.18451e+08
93 70 1.17529e+08
94 70 1.16593e+08
95 70 1.15645e+08
96 70 1.14685e+08
97 70 1.13713e+08
98 70 1.12729e+08
99 70 1.11735e+08

0 71 2.17605e+08
1 71 2.19604e+08
2 71 2.21584e+08
3 71 2.23542e+08
4 71 2.25478e+08
5 71 2.2739e+08
6 71 2.29278e+08
7 71 2.31141e+08
8 71 2.32977e+08
9 71 2.34785e+08
10 71 2.36566e+08
11 71 2.38317e+08
12 71 2.40037e+08
13 71 2.41726e+08
14 71 2.43383e+08
15 71 2.45007e+08
16 71 2.46596e+08
17 71 2.48151e+08
18 71 2.49669e+08
19 71 2.51151e+08
20 71 2.52595e+08
21 71 2.54e+08
22 71 2.55366e+08
23 71 2.56691e+08
24 71 2.57976e+08
25 71 2.59219e+08
26 71 2.60419e+08
27 71 2.61576e+08
28 71 2.6269e+08
29 71 2.63758e+08
30 71 2.64782e+08
31 71 2.65759e+08
32 71 2.66691e+08
33 71 2.67575e+08
34 71 2.68411e+08
35 71 2.692e+08
36 71 2.6994e+08
37 71 2.70631e+08
38 71 2.71272e+08
39 71 2.71864e+08
40 71 2.72405e+08
41 71 2.72896e+08
42 71 2.73336e+08
43 71 2.73725e+08
44 71 2.74063e+08
45 71 2.74349e+08
46 71 2.74583e+08
47 71 2.74765e+08
48 71 2.74896e+08
49 71 2.74974e+08
50 71 2.75e+08
51 71 2.74974e+08
52 71 2.74896e+08
53 71 2.74765e+08
54 71 2.74583e+08
55 71 2.74349e+08
56 71 2.74063e+08
57 71 2.73725e+08
58 71 2.73336e+08
59 71 2.72896e+08
60 71 2.72405e+08
61 71 2.71864e+08
62 71 2.71272e+08
63 71 2.70631e+08
64 71 2.6994e+08
65 71 2.692e+08
66 71 2.68411e+08
67 71 2.67575e+08
68 71 2.66691e+08
69 71 2.65759e+08
70 71 2.64782e+08
71 71 2.63758e+08
72 71 2.6269e+08
73 71 2.61576e+08
74 71 2.60419e+08
75 71 2.59219e+08
76 71 2.57976e+08
77 71 2.56691e+08
78 71 2.55366e+08
79 71 2.54e+08
80 71 2.52595e+08
81 71 2.51151e+08
82 71 2.49669e+08
83 71 2.48151e+08
84 71 2.46596e+08
85 71 2.45007e+08
86 71 2.43383e+08
87 71 2.41726e+08
88 71 2.40037e+08
89 71 2.38317e+08
90 71 2.36566e+08
91 71 2.34785e+08
92 71 2.32977e+08
93 71 2.31141e+08
94 71 2.29278e+08
95 71 2.2739e+08
96 71 2.25478e+08
97 71 2.23542e+08
98 71 2.21584e+08
99 71 2.19604e+08

0 72 3.24283e+08
1 72 3.27225e+08
2 72 3.30136e+08
3 72 3.33016e+08
4 72 3.35863e+08
5 72 3.38676e+08
6 72 3.41452e+08
7 72 3.44192e+08
8 72 3.46892e+08
9 72 3.49553e+08
10 72 3.52171e+08
11 72 3.54747e+08
12 72 3.57277e+08
13 72 3.59762e+08
14 72 3.62198e+08
15 72 3.64587e+08
16 72 3.66924e+08
17 72 3.6921e+08
18 72 3.71444e+08
19 72 3.73623e+08
20 72 3.75746e+08
21 72 3.77813e+08
22 72 3.79822e+08
23 72 3.81772e+08
24 72 3.83661e+08
25 72 3.85489e+08
26 72 3.87255e+08
27 72 3.88957e+08
28 72 3.90594e+08
29 72 3.92166e+08
30 72 3.93672e+08
31 72 3.95109e+08
32 72 3.96479e+08
33 72 3.97779e+08
34 72 3.9901e+08
35 72 4.0017e+08
36 72 4.01258e+08
37 72 4.02274e+08
38 72 4.03218e+08
39 72 4.04088e+08
40 72 4.04884e+08
41 72 4.05606e+08
42 72 4.06253e+08
43 72 4.06826e+08
44 72 4.07322e+08
45 72 4.07743e+08
46 72 4.08087e+08
47 72 4.08355e+08
48 72 4.08547e+08
49 72 4.08662e+08
50 72 4.087e+08
51 72 4.08662e+08
52 72 4.08547e+08
53 72 4.08355e+08
54 72 4.08087e+08
55 72 4.07743e+08
56 72 4.07322e+08
57 72 4.06826e+08
58 72 4.06253e+08
59 72 4.05606e+08
60 72 4.04884e+08
61 72 4.04088e+08
62 72 4.03218e+08
63 72 4.02274e+08
64 72 4.01258e+08
65 72 4.0017e+08
66 72 3.9901e+08
67 72 3.97779e+08
68 72 3.96479e+08
69 72 3.95109e+08
70 72 3.93672e+08
71 72 3.92166e+08
72 72 3.90594e+08
73 72 3.88957e+08
74 72 3.87255e+08
75 72 3.85489e+08
76 72 3.83661e+08
77 72 3.81772e+08
78 72 3.79822e+08
79 72 3.77813e+08
80 72 3.75746e+08
81 72 3.73623e+08
82 72 3.71444e+08
83 72 3.6921e+08
84 72 3.66924e+08
85 72 3.64587e+08
86 72 3.62198e+08
87 72 3.59762e+08
88 72 3.57277e+08
89 72 3.54747e+08
90 72 3.52171e+08
91 72 3.49553e+08
92 72 3.46892e+08
93 72 3.44192e+08
94 72 3.41452e+08
95 72 3.38676e+08
96 72 3.35863e+08
97 72 3.33016e+08
98 72 3.30136e+08
99 72 3.27225e+08

0 73 3.76985e+08
1 73 3.80245e+08
2 73 3.83471e+08
3 73 3.86664e+08
4 73 3.89819e+08
5 73 3.92937e+08
6 73 3.96015e+08
7 73 3.99051e+08
8 73 4.02044e+08
9 73 4.04993e+08
10 73 4.07895e+08
11 73 4.10749e+08
12 73 4.13554e+08
13 73 4.16308e+08
14 73 4.19009e+08
15 73 4.21656e+08
16 73 4.24247e+08
17 73 4.26781e+08
18 73 4.29256e+08
19 73 4.31672e+08
20 73 4.34025e+08
21 73 4.36316e+08
22 73 4.38543e+08
23 73 4.40704e+08
24 73 4.42798e+08
25 73 4.44824e+08
26 73 4.46781e+08
27 73 4.48668e+08
28 73 4.50482e+08
29 73 4.52225e+08
30 73 4.53893e+08
31 73 4.55487e+08
32 73 4.57005e+08
33 73 4.58446e+08
34 73 4.5981e+08
35 73 4.61095e+08
36 73 4.62302e+08
37 73 4.63428e+08
38 73 4.64474e+08
39 73 4.65438e+08
40 73 4.66321e+08
41 73 4.67121e+08
42 73 4.67839e+08
43 73 4.68473e+08
44 73 4.69023e+08
45 73 4.69489e+08
46 73 4.69871e+08
47 73 4.70168e+08
48 73 4.70381e+08
49 73 4.70508e+08
50 73 4.70551e+08
51 73 4.70508e+08
52 73 4.70381e+08
53 73 4.70168e+08
54 73 4.69871e+08
55 73 4.69489e+08
56 73 4.69023e+08
57 73 4.68473e+08
58 73 4.67839e+08
59 73 4.67121e+08
60 73 4.66321e+08
61 73 4.65438e+08
62 73 4.64474e+08
63 73 4.63428e+08
64 73 4.62302e+08
65 73 4.61095e+08
66 73 4.5981e+08
67 73 4.58446e+08
68 73 4.57005e+08
69 73 4.55487e+08
70 73 4.53893e+08
71 73 4.52225e+08
72 73 4.50482e+08
73 73 4.48668e+08
74 73 4.46781e+08
75 73 4.44824e+08
76 73 4.42798e+08
77 73 4.40704e+08
78 73 4.38543e+08
79 73 4.36316e+08
80 73 4.34025e+08
81 73 4.31672e+08
82 73 4.29256e+08
83 73 4.26781e+08
84 73 4.24247e+08
85 73 4.21656e+08
86 73 4.19009e+08
87 73 4.16308e+08
88 73 4.13554e+08
89 73 4.10749e+08
90 73 4.07895e+08
91 73 4.04993e+08
92 73 4.02044e+08
93 73 3.99051e+08
94 73 3.96015e+08
95 73 3.92937e+08
96 73 3.89819e+08
97 73 3.86664e+08
98 73 3.83471e+08
99 73 3.80245e+08

0 74 3.54124e+08
1 74 3.56856e+08
2 74 3.5956e+08
3 74 3.62235e+08
4 74 3.6488e+08
5 74 3.67492e+08
6 74 3.70071e+08
7 74 3.72616e+08
8 74 3.75124e+08
9 74 3.77595e+08
10 74 3.80028e+08
11 74 3.8242e+08
12 74 3.8477e+08
13 74 3.87078e+08
14 74 3.89341e+08
15 74 3.91559e+08
16 74 3.93731e+08
17 74 3.95854e+08
18 74 3.97929e+08
19 74 3.99953e+08
20 74 4.01925e+08
21 74 4.03845e+08
22 74 4.05711e+08
23 74 4.07522e+08
24 74 4.09277e+08
25 74 4.10975e+08
26 74 4.12615e+08
27 74 4.14196e+08
28 74 4.15716e+08
29 74 4.17176e+08
30 74 4.18575e+08
31 74 4.1991e+08
32 74 4.21182e+08
33 74 4.2239e+08
34 74 4.23533e+08
35 74 4.2461e+08
36 74 4.25621e+08
37 74 4.26565e+08
38 74 4.27441e+08
39 74 4.2825e+08
40 74 4.28989e+08
41 74 4.2966e+08
42 74 4.30261e+08
43 74 4.30792e+08
44 74 4.31254e+08
45 74 4.31644e+08
46 74 4.31964e+08
47 74 4.32213e+08
48 74 4.32391e+08
49 74 4.32498e+08
50 74 4.32534e+08
51 74 4.32498e+08
52 74 4.32391e+08
53 74 4.32213e+08
54 74 4.31964e+08
55 74 4.31644e+08
56 74 4.31254e+08
57 74 4.30792e+08
58 74 4.30261e+08
59 74 4.2966e+08
60 74 4.28989e+08
61 74 4.2825e+08
62 74 4.27441e+08
63 74 4.26565e+08
64 74 4.25621e+08
65 74 4.2461e+08
66 74 4.23533e+08
67 74 4.2239e+08
68 74 4.21182e+08
69 74 4.1991e+08
70 74 4.18575e+08
71 74 4.17176e+08
72 74 4.15716e+08
73 74 4.14196e+08
74 74 4.12615e+08
75 74 4.10975e+08
76 74 4.09277e+08
77 74 4.07522e+08
78 74 4.05711e+08
79 74 4.03845e+08
80 74 4.01925e+08
81 74 3.99953e+08
82 74 3.97929e+08
83 74 3.95854e+08
84 74 3.93731e+08
85 74 3.91559e+08
86 74 3.89341e+08
87 74 3.87078e+08
88 74 3.8477e+08
89 74 3.8242e+08
90 74 3.80028e+08
91 74 3.77595e+08
92 74 3.75124e+08
93 74 3.72616e+08
94 74 3.70071e+08
95 74 3.67492e+08
96 74 3.6488e+08
97 74 3.62235e+08
98 74 3.5956e+08
99 74 3.56856e+08

0 75 2.93656e+08
1 75 2.95407e+08
2 75 2.9714e+08
3 75 2.98855e+08
4 75 3.0055e+08
5 75 3.02224e+08
6 75 3.03878e+08
7 75 3.05509e+08
8 75 3.07116e+08
9 75 3.087e+08
10 75 3.10259e+08
11 75 3.11792e+08
12 75 3.13299e+08
13 75 3.14778e+08
14 75 3.16229e+08
15 75 3.17651e+08
16 75 3.19043e+08
17 75 3.20404e+08
18 75 3.21733e+08
19 75 3.23031e+08
20 75 3.24295e+08
21 75 3.25525e+08
22 75 3.26721e+08
23 75 3.27882e+08
24 75 3.29007e+08
25 75 3.30096e+08
26 75 3.31147e+08
27 75 3.3216e+08
28 75 3.33135e+08
29 75 3.34071e+08
30 75 3.34967e+08
31 75 3.35823e+08
32 75 3.36638e+08
33 75 3.37413e+08
34 75 3.38145e+08
35 75 3.38836e+08
36 75 3.39484e+08
37 75 3.40089e+08
38 75 3.4065e+08
39 75 3.41168e+08
40 75 3.41642e+08
41 75 3.42072e+08
42 75 3.42458e+08
43 75 3.42798e+08
44 75 3.43094e+08
45 75 3.43344e+08
46 75 3.43549e+08
47 75 3.43709e+08
48 75 3.43823e+08
49 75 3.43892e+08
50 75 3.43915e+08
51 75 3.43892e+08
52 75 3.43823e+08
53 75 3.43709e+08
54 75 3.43549e+08
55 75 3.43344e+08
56 75 3.43094e+08
57 75 3.42798e+08
58 75 3.42458e+08
59 75 3.42072e+08
60 75 3.41642e+08
61 75 3.41168e+08
62 75 3.4065e+08
63 75 3.40089e+08
64 75 3.39484e+08
65 75 3.38836e+08
66 75 3.38145e+08
67 75 3.37413e+08
68 75 3.36638e+08
69 75 3.35823e+08
70 75 3.34967e+08
71 75 3.34071e+08
72 75 3.33135e+08
73 75 3.3216e+08
74 75 3.31147e+08
75 75 3.30096e+08
76 75 3.29007e+08
77 75 3.27882e+08
78 75 3.26721e+08
79 75 3.25525e+08
80 75 3.24295e+08
81 75 3.23031e+08
82 75 3.21733e+08
83 75 3.20404e+08
84 75 3.19043e+08
85 75 3.17651e+08
86 75 3.16229e+08
87 75 3.14778e+08
88 75 3.13299e+08
89 75 3.11792e+08
90 75 3.10259e+08
91 75 3.087e+08
92 75 3.07116e+08
93 75 3.05509e+08
94 75 3.03878e+08
95 75 3.02224e+08
96 75 3.0055e+08
97 75 2.98855e+08
98 75 2.9714e+08
99 75 2.95407e+08

0 76 2.45541e+08
1 76 2.46398e+08
2 76 2.47247e+08
3 76 2.48086e+08
4 76 2.48915e+08
5 76 2.49735e+08
6 76 2.50544e+08
7 76 2.51342e+08
8 76 2.52129e+08
9 76 2.52904e+08
10 76 2.53667e+08
11 76 2.54418e+08
12 76 2.55155e+08
13 76 2.55879e+08
14 76 2.56589e+08
15 76 2.57285e+08
16 76 2.57966e+08
17 76 2.58632e+08
18 76 2.59283e+08
19 76 2.59918e+08
20 76 2.60536e+08
21 76 2.61139e+08
22 76 2.61724e+08
23 76 2.62292e+08
24 76 2.62843e+08
25 76 2.63375e+08
26 76 2.6389e+08
27 76 2.64386e+08
28 76 2.64863e+08
29 76 2.65321e+08
30 76 2.65759e+08
31 76 2.66178e+08
32 76 2.66577e+08
33 76 2.66956e+08
34 76 2.67315e+08
35 76 2.67653e+08
36 76 2.6797e+08
37 76 2.68266e+08
38 76 2.68541e+08
39 76 2.68794e+08
40 76 2.69026e+08
41 76 2.69237e+08
42 76 2.69425e+08
43 76 2.69592e+08
44 76 2.69737e+08
45 76 2.69859e+08
46 76 2.6996e+08
47 76 2.70038e+08
48 76 2.70094e+08
49 76 2.70127e+08
50 76 2.70138e+08
51 76 2.70127e+08
52 76 2.70094e+08
53 76 2.70038e+08
54 76 2.6996e+08
55 76 2.69859e+08
56 76 2.69737e+08
57 76 2.69592e+08
58 76 2.69425e+08
59 76 2.69237e+08
60 76 2.69026e+08
61 76 2.68794e+08
62 76 2.68541e+08
63 76 2.68266e+08
64 76 2.6797e+08
65 76 2.67653e+08
66 76 2.67315e+08
67 76 2.66956e+08
68 76 2.66577e+08
69 76 2.66178e+08
70 76 2.65759e+08
71 76 2.65321e+08
72 76 2.64863e+08
73 76 2.64386e+08
74 76 2.6389e+08
75 76 2.63375e+08
76 76 2.62843e+08
77 76 2.62292e+08
78 76 2.61724e+08
79 76 2.61139e+08
80 76 2.60536e+08
81 76 2.59918e+08
82 76 2.59283e+08
83 76 2.58632e+08
84 76 2.57966e+08
85 76 2.57285e+08
86 76 2.56589e+08
87 76 2.55879e+08
88 76 2.55155e+08
89 76 2.54418e+08
90 76 2.53667e+08
91 76 2.52904e+08
92 76 2.52129e+08
93 76 2.51342e+08
94 76 2.50544e+08
95 76 2.49735e+08
96 76 2.48915e+08
97 76 2.48086e+08
98 76 2.47247e+08
99 76 2.46398e+08

0 77 2.32878e+08
1 77 2.33199e+08
2 77 2.33516e+08
3 77 2.3383e+08
4 77 2.3414e+08
5 77 2.34447e+08
6 77 2.34749e+08
7 77 2.35048e+08
8 77 2.35342e+08
9 77 2.35632e+08
10 77 2.35918e+08
11 77 2.36198e+08
12 77 2.36474e+08
13 77 2.36745e+08
14 77 2.37011e+08
15 77 2.37271e+08
16 77 2.37526e+08
17 77 2.37775e+08
18 77 2.38018e+08
19 77 2.38256e+08
20 77 2.38487e+08
21 77 2.38713e+08
22 77 2.38932e+08
23 77 2.39144e+08
24 77 2.3935e+08
25 77 2.39549e+08
26 77 2.39742e+08
27 77 2.39927e+08
28 77 2.40106e+08
29 77 2.40277e+08
30 77 2.40441e+08
31 77 2.40598e+08
32 77 2.40747e+08
33 77 2.40889e+08
34 77 2.41023e+08
35 77 2.4115e+08
36 77 2.41268e+08
37 77 2.41379e+08
38 77 2.41482e+08
39 77 2.41577e+08
40 77 2.41663e+08
41 77 2.41742e+08
42 77 2.41813e+08
43 77 2.41875e+08
44 77 2.41929e+08
45 77 2.41975e+08
46 77 2.42013e+08
47 77 2.42042e+08
48 77 2.42063e+08
49 77 2.42075e+08
50 77 2.42079e+08
51 77 2.42075e+08
52 77 2.42063e+08
53 77 2.42042e+08
54 77 2.42013e+08
55 77 2.41975e+08
56 77 2.41929e+08
57 77 2.41875e+08
58 77 2.41813e+08
59 77 2.41742e+08
60 77 2.41663e+08
61 77 2.41577e+08
62 77 2.41482e+08
63 77 2.41379e+08
64 77 2.41268e+08
65 77 2.4115e+08
66 77 2.41023e+08
67 77 2.40889e+08
68 77 2.40747e+08
69 77 2.40598e+08
70 77 2.40441e+08
71 77 2.40277e+08
72 77 2.40106e+08
73 77 2.39927e+08
74 77 2.39742e+08
75 77 2.39549e+08
76 77 2.3935e+08
77 77 2.39144e+08
78 77 2.38932e+08
79 77 2.38713e+08
80 77 2.38487e+08
81 77 2.38256e+08
82 77 2.38018e+08
83 77 2.37775e+08
84 77 2.37526e+08
85 77 2.37271e+08
86 77 2.37011e+08
87 77 2.36745e+08
88 77 2.36474e+08
89 77 2.36198e+08
90 77 2.35918e+08
91 77 2.35632e+08
92 77 2.35342e+08
93 77 2.35048e+08
94 77 2.34749e+08
95 77 2.34447e+08
96 77 2.3414e+08
97 77 2.3383e+08
98 77 2.33516e+08
99 77 2.33199e+08

0 78 2.49944e+08
1 78 2.50037e+08
2 78 2.50129e+08
3 78 2.5022e+08
4 78 2.5031e+08
5 78 2.50399e+08
6 78 2.50486e+08
7 78 2.50573e+08
8 78 2.50658e+08
9 78 2.50742e+08
10 78 2.50825e+08
11 78 2.50906e+08
12 78 2.50986e+08
13 78 2.51065e+08
14 78 2.51141e+08
15 78 2.51217e+08
16 78 2.51291e+08
17 78 2.51363e+08
18 78 2.51433e+08
19 78 2.51502e+08
20 78 2.51569e+08
21 78 2.51634e+08
22 78 2.51698e+08
23 78 2.51759e+08
24 78 2.51819e+08
25 78 2.51877e+08
26 78 2.51933e+08
27 78 2.51986e+08
28 78 2.52038e+08
29 78 2.52088e+08
30 78 2.52135e+08
31 78 2.52181e+08
32 78 2.52224e+08
33 78 2.52265e+08
34 78 2.52304e+08
35 78 2.5234e+08
36 78 2.52375e+08
37 78 2.52407e+08
38 78 2.52437e+08
39 78 2.52464e+08
40 78 2.52489e+08
41 78 2.52512e+08
42 78 2.52532e+08
43 78 2.5255e+08
44 78 2.52566e+08
45 78 2.52579e+08
46 78 2.5259e+08
47 78 2.52599e+08
48 78 2.52605e+08
49 78 2.52608e+08
50 78 2.5261e+08
51 78 2.52608e+08
52 78 2.52605e+08
53 78 2.52599e+08
54 78 2.5259e+08
55 78 2.52579e+08
56 78 2.52566e+08
57 78 2.5255e+08
58 78 2.52532e+08
59 78 2.52512e+08
60 78 2.52489e+08
61 78 2.52464e+08
62 78 2.52437e+08
63 78 2.52407e+08
64 78 2.52375e+08
65 78 2.5234e+08
66 78 2.52304e+08
67 78 2.52265e+08
68 78 2.52224e+08
69 78 2.52181e+08
70 78 2.52135e+08
71 78 2.52088e+08
72 78 2.52038e+08
73 78 2.51986e+08
74 78 2.51933e+08
75 78 2.51877e+08
76 78 2.51819e+08
77 78 2.51759e+08
78 78 2.51698e+08
79 78 2.51634e+08
80 78 2.51569e+08
81 78 2.51502e+08
82 78 2.51433e+08
83 78 2.51363e+08
84 78 2.51291e+08
85 78 2.51217e+08
86 78 2.51141e+08
87 78 2.51065e+08
88 78 2.50986e+08
89 78 2.50906e+08
90 78 2.50825e+08
91 78 2.50742e+08
92 78 2.50658e+08
93 78 2.50573e+08
94 78 2.50486e+08
95 78 2.50399e+08
96 78 2.5031e+08
97 78 2.5022e+08
98 78 2.50129e+08
99 78 2.50037e+08

0 79 2.79008e+08
1 79 2.79028e+08
2 79 2.79049e+08
3 79 2.79069e+08
4 79 2.7909e+08
5 79 2.7911e+08
6 79 2.79129e+08
7 79 2.79149e+08
8 79 2.79168e+08
9 79 2.79187e+08
10 79 2.79205e+08
11 79 2.79223e+08
12 79 2.79241e+08
13 79 2.79259e+08
14 79 2.79276e+08
15 79 2.79293e+08
16 79 2.7931e+08
17 79 2.79326e+08
18 79 2.79342e+08
19 79 2.79357e+08
20 79 2.79372e+08
21 79 2.79387e+08
22 79 2.79401e+08
23 79 2.79415e+08
24 79 2.79428e+08
25 79 2.79441e+08
26 79 2.79454e+08
27 79 2.79466e+08
28 79 2.79477e+08
29 79 2.79489e+08
30 79 2.79499e+08
31 79 2.79509e+08
32 79 2.79519e+08
33 79 2.79528e+08
34 79 2.79537e+08
35 79 2.79545e+08
36 79 2.79553e+08
37 79 2.7956e+08
38 79 2.79567e+08
39 79 2.79573e+08
40 79 2.79579e+08
41 79 2.79584e+08
42 79 2.79588e+08
43 79 2.79592e+08
44 79 2.79596e+08
45 79 2.79599e+08
46 79 2.79601e+08
47 79 2.79603e+08
48 79 2.79605e+08
49 79 2.79606e+08
50 79 2.79606e+08
51 79 2.79606e+08
52 79 2.79605e+08
53 79 2.79603e+08
54 79 2.79601e+08
55 79 2.79599e+08
56 79 2.79596e+08
57 79 2.79592e+08
58 79 2.79588e+08
59 79 2.79584e+08
60 79 2.79579e+08
61 79 2.79573e+08
62 79 2.79567e+08
63 79 2.7956e+08
64 79 2.79553e+08
65 79 2.79545e+08
66 79 2.79537e+08
67 79 2.79528e+08
68 79 2.79519e+08
69 79 2.79509e+08
70 79 2.79499e+08
71 79 2.79489e+08
72 79 2.79477e+08
73 79 2.79466e+08
74 79 2.79454e+08
75 79 2.79441e+08
76 79 2.79428e+08
77 79 2.79415e+08
78 79 2.79401e+08
79 79 2.79387e+08
80 79 2.79372e+08
81 79 2.79357e+08
82 79 2.79342e+08
83 79 2.79326e+08
84 79 2.7931e+08
85 79 2.79293e+08
86 79 2.79276e+08
87 79 2.79259e+08
88 79 2.79241e+08
89 79 2.79223e+08
90 79 2.79205e+08
91 79 2.79187e+08
92 79 2.79168e+08
93 79 2.79149e+08
94 79 2.79129e+08
95 79 2.7911e+08
96 79 2.7909e+08
97 79 2.79069e+08
98 79 2.79049e+08
99 79 2.79028e+08

0 80 3.10353e+08
1 80 3.10357e+08
2 80 3.1036e+08
3 80 3.10364e+08
4 80 3.10367e+08
5 80 3.10371e+08
6 80 3.10374e+08
7 80 3.10378e+08
8 80 3.10381e+08
9 80 3.10384e+08
10 80 3.10388e+08
11 80 3.10391e+08
12 80 3.10394e+08
13 80 3.10397e+08
14 80 3.104e+08
15 80 3.10403e+08
16 80 3.10406e+08
17 80 3.10409e+08
18 80 3.10412e+08
19 80 3.10414e+08
20 80 3.10417e+08
21 80 3.1042e+08
22 80 3.10422e+08
23 80 3.10424e+08
24 80 3.10427e+08
25 80 3.10429e+08
26 80 3.10431e+08
27 80 3.10433e+08
28 80 3.10435e+08
29 80 3.10437e+08
30 80 3.10439e+08
31 80 3.10441e+08
32 80 3.10443e+08
33 80 3.10444e+08
34 80 3.10446e+08
35 80 3.10447e+08
36 80 3.10449e+08
37 80 3.1045e+08
38 80 3.10451e+08
39 80 3.10452e+08
40 80 3.10453e+08
41 80 3.10454e+08
42 80 3.10455e+08
43 80 3.10456e+08
44 80 3.10456e+08
45 80 3.10457e+08
46 80 3.10457e+08
47 80 3.10458e+08
48 80 3.10458e+08
49 80 3.10458e+08
50 80 3.10458e+08
51 80 3.10458e+08
52 80 3.10458e+08
53 80 3.10458e+08
54 80 3.10457e+08
55 80 3.10457e+08
56 80 3.10456e+08
57 80 3.10456e+08
58 80 3.10455e+08
59 80 3.10454e+08
60 80 3.10453e+08
61 80 3.10452e+08
62 80 3.10451e+08
63 80 3.1045e+08
64 80 3.10449e+08
65 80 3.10447e+08
66 80 3.10446e+08
67 80 3.10444e+08
68 80 3.10443e+08
69 80 3.10441e+08
70 80 3.10439e+08
71 80 3.10437e+08
72 80 3.10435e+08
73 80 3.10433e+08
74 80 3.10431e+08
75 80 3.10429e+08
76 80 3.10427e+08
77 80 3.10424e+08
78 80 3.10422e+08
79 80 3.1042e+08
80 80 3.10417e+08
81 80 3.10414e+08
82 80 3.10412e+08
83 80 3.10409e+08
84 80 3.10406e+08
85 80 3.10403e+08
86 80 3.104e+08
87 80 3.10397e+08
88 80 3.10394e+08
89 80 3.10391e+08
90 80 3.10388e+08
91 80 3.10384e+08
92 80 3.10381e+08
93 80 3.10378e+08
94 80 3.10374e+08
95 80 3.10371e+08
96 80 3.10367e+08
97 80 3.10364e+08
98 80 3.1036e+08
99 80 3.10357e+08

0 81 3.38049e+08
1 81 3.38049e+08
2 81 3.3805e+08
3 81 3.3805e+08
4 81 3.38051e+08
5 81 3.38051e+08
6 81 3.38052e+08
7 81 3.38052e+08
8 81 3.38052e+08
9 81 3.38053e+08
10 81 3.38053e+08
11 81 3.38054e+08
12 81 3.38054e+08
13 81 3.38055e+08
14 81 3.38055e+08
15 81 3.38056e+08
16 81 3.38056e+08
17 81 3.38056e+08
18 81 3.38057e+08
19 81 3.38057e+08
20 81 3.38057e+08
21 81 3.38058e+08
22 81 3.38058e+08
23 81 3.38058e+08
24 81 3.38059e+08
25 81 3.38059e+08
26 81 3.38059e+08
27 81 3.3806e+08
28 81 3.3806e+08
29 81 3.3806e+08
30 81 3.38061e+08
31 81 3.38061e+08
32 81 3.38061e+08
33 81 3.38061e+08
34 81 3.38061e+08
35 81 3.38062e+08
36 81 3.38062e+08
37 81 3.38062e+08
38 81 3.38062e+08
39 81 3.38062e+08
40 81 3.38062e+08
41 81 3.38063e+08
42 81 3.38063e+08
43 81 3.38063e+08
44 81 3.38063e+08
45 81 3.38063e+08
46 81 3.38063e+08
47 81 3.38063e+08
48 81 3.38063e+08
49 81 3.38063e+08
50 81 3.38063e+08
51 81 3.38063e+08
52 81 3.38063e+08
53 81 3.38063e+08
54 81 3.38063e+08
55 81 3.38063e+08
56 81 3.38063e+08
57 81 3.38063e+08
58 81 3.38063e+08
59 81 3.38063e+08
60 81 3.38062e+08
61 81 3.38062e+08
62 81 3.38062e+08
63 81 3.38062e+08
64 81 3.38062e+08
65 81 3.38062e+08
66 81 3.38061e+08
67 81 3.38061e+08
68 81 3.38061e+08
69 81 3.38061e+08
70 81 3.38061e+08
71 81 3.3806e+08
72 81 3.3806e+08
73 81 3.3806e+08
74 81 3.38059e+08
75 81 3.38059e+08
76 81 3.38059e+08
77 81 3.38058e+08
78 81 3.38058e+08
79 81 3.38058e+08
80 81 3.38057e+08
81 81 3.38057e+08
82 81 3.38057e+08
83 81 3.38056e+08
84 81 3.38056e+08
85 81 3.38056e+08
86 81 3.38055e+08
87 81 3.38055e+08
88 81 3.38054e+08
89 81 3.38054e+08
90 81 3.38053e+08
91 81 3.38053e+08
92 81 3.38052e+08
93 81 3.38052e+08
94 81 3.38052e+08
95 81 3.38051e+08
96 81 3.38051e+08
97 81 3.3805e+08
98 81 3.3805e+08
99 81 3.38049e+08

0 82 3.62005e+08
1 82 3.62005e+08
2 82 3.62005e+08
3 82 3.62005e+08
4 82 3.62006e+08
5 82 3.62006e+08
6 82 3.62006e+08
7 82 3.62006e+08
8 82 3.62006e+08
9 82 3.62006e+08
10 82 3.62006e+08
11 82 3.62006e+08
12 82 3.62006e+08
13 82 3.62006e+08
14 82 3.62006e+08
15 82 3.62006e+08
16 82 3.62006e+08
17 82 3.62006e+08
18 82 3.62006e+08
19 82 3.62006e+08
20 82 3.62006e+08
21 82 3.62006e+08
22 82 3.62006e+08
23 82 3.62006e+08
24 82 3.62006e+08
25 82 3.62006e+08
26 82 3.62006e+08
27 82 3.62006e+08
28 82 3.62007e+08
29 82 3.62007e+08
30 82 3.62007e+08
31 82 3.62007e+08
32 82 3.62007e+08
33 82 3.62007e+08
34 82 3.62007e+08
35 82 3.62007e+08
36 82 3.62007e+08
37 82 3.62007e+08
38 82 3.62007e+08
39 82 3.62007e+08
40 82 3.62007e+08
41 82 3.62007e+08
42 82 3.62007e+08
43 82 3.62007e+08
44 82 3.62007e+08
45 82 3.62007e+08
46 82 3.62007e+08
47 82 3.62007e+08
48 82 3.62007e+08
49 82 3.62007e+08
50 82 3.62007e+08
51 82 3.62007e+08
52 82 3.62007e+08
53 82 3.62007e+08
54 82 3.62007e+08
55 82 3.62007e+08
56 82 3.62007e+08
57 82 3.62007e+08
58 82 3.62007e+08
59 82 3.62007e+08
60 82 3.62007e+08
61 82 3.62007e+08
62 82 3.62007e+08
63 82 3.62007e+08
64 82 3.62007e+08
65 82 3.62007e+08
66 82 3.62007e+08
67 82 3.62007e+08
68 82 3.62007e+08
69 82 3.62007e+08
70 82 3.62007e+08
71 82 3.62007e+08
72 82 3.62007e+08
73 82 3.62006e+08
74 82 3.62006e+08
75 82 3.62006e+08
76 82 3.62006e+08
77 82 3.62006e+08
78 82 3.62006e+08
79 82 3.62006e+08
80 82 3.62006e+08
81 82 3.62006e+08
82 82 3.62006e+08
83 82 3.62006e+08
84 82 3.62006e+08
85 82 3.62006e+08
86 82 3.62006e+08
87 82 3.62006e+08
88 82 3.62006e+08
89 82 3.62006e+08
90 82 3.62006e+08
91 82 3.62006e+08
92 82 3.62006e+08
93 82 3.62006e+08
94 82 3.62006e+08
95 82 3.62006e+08
96 82 3.62006e+08
97 82 3.62005e+08
98 82 3.62005e+08
99 82 3.62005e+08

0 83 3.82e+08
1 83 3.82e+08
2 83 3.82e+08
3 83 3.82e+08
4 83 3.82e+08
5 83 3.82e+08
6 83 3.82e+08
7 83 3.82e+08
8 83 3.82e+08
9 83 3.82e+08
10 83 3.82001e+08
11 83 3.82001e+08
12 83 3.82001e+08
13 83 3.82001e+08
14 83 3.82001e+08
15 83 3.82001e+08
16 83 3.82001e+08
17 83 3.82001e+08
18 83 3.82001e+08
19 83 3.82001e+08
20 83 3.82001e+08
21 83 3.82001e+08
22 83 3.82001e+08
23 83 3.82001e+08
24 83 3.82001e+08
25 83 3.82001e+08
26 83 3.82001e+08
27 83 3.82001e+08
28 83 3.82001e+08
29 83 3.82001e+08
30 83 3.82001e+08
31 83 3.82001e+08
32 83 3.82001e+08
33 83 3.82001e+08
34 83 3.82001e+08
35 83 3.82001e+08
36 83 3.82001e+08
37 83 3.82001e+08
38 83 3.82001e+08
39 83 3.82001e+08
40 83 3.82001e+08
41 83 3.82001e+08
42 83 3.82001e+08
43 83 3.82001e+08
44 83 3.82001e+08
45 83 3.82001e+08
46 83 3.82001e+08
47 83 3.82001e+08
48 83 3.82001e+08
49 83 3.82001e+08
50 83 3.82001e+08
51 83 3.82001e+08
52 83 3.82001e+08
53 83 3.82001e+08
54 83 3.82001e+08
55 83 3.82001e+08
56 83 3.82001e+08
57 83 3.82001e+08
58 83 3.82001e+08
59 83 3.82001e+08
60 83 3.82001e+08
61 83 3.82001e+08
62 83 3.82001e+08
63 83 3.82001e+08
64 83 3.82001e+08
65 83 3.82001e+08
66 83 3.82001e+08
67 83 3.82001e+08
68 83 3.82001e+08
69 83 3.82001e+08
70 83 3.82001e+08
71 83 3.82001e+08
72 83 3.82001e+08
73 83 3.82001e+08
74 83 3.82001e+08
75 83 3.82001e+08
76 83 3.82001e+08
77 83 3.82001e+08
78 83 3.82001e+08
79 83 3.82001e+08
80 83 3.82001e+08
81 83 3.82001e+08
82 83 3.82001e+08
83 83 3.82001e+08
84 83 3.82001e+08
85 83 3.82001e+08
86 83 3.82001e+08
87 83 3.82001e+08
88 83 3.82001e+08
89 83 3.82001e+08
90 83 3.82001e+08
91 83 3.82e+08
92 83 3.82e+08
93 83 3.82e+08
94 83 3.82e+08
95 83 3.82e+08
96 83 3.82e+08
97 83 3.82e+08
98 83 3.82e+08
99 83 3.82e+08

0 84 4.01e+08
1 84 4.01e+08
2 84 4.01e+08
3 84 4.01e+08
4 84 4.01e+08
5 84 4.01e+08
6 84 4.01e+08
7 84 4.01e+08
8 84 4.01e+08
9 84 4.01e+08
10 84 4.01e+08
11 84 4.01e+08
12 84 4.01e+08
13 84 4.01e+08
14 84 4.01e+08
15 84 4.01e+08
16 84 4.01e+08
17 84 4.01e+08
18 84 4.01e+08
19 84 4.01e+08
20 84 4.01e+08
21 84 4.01e+08
22 84 4.01e+08
23 84 4.01e+08
24 84 4.01e+08
25 84 4.01e+08
26 84 4.01e+08
27 84 4.01e+08
28 84 4.01e+08
29 84 4.01e+08
30 84 4.01e+08
31 84 4.01e+08
32 84 4.01e+08
33 84 4.01e+08
34 84 4.01e+08
35 84 4.01e+08
36 84 4.01e+08
37 84 4.01e+08
38 84 4.01e+08
39 84 4.01e+08
40 84 4.01e+08
41 84 4.01e+08
42 84 4.01e+08
43 84 4.01e+08
44 84 4.01e+08
45 84 4.01e+08
46 84 4.01e+08
47 84 4.01e+08
48 84 4.01e+08
49 84 4.01e+08
50 84 4.01e+08
51 84 4.01e+08
52 84 4.01e+08
53 84 4.01e+08
54 84 4.01e+08
55 84 4.01e+08
56 84 4.01e+08
57 84 4.01e+08
58 84 4.01e+08
59 84 4.01e+08
60 84 4.01e+08
61 84 4.01e+08
62 84 4.01e+08
63 84 4.01e+08
64 84 4.01e+08
65 84 4.01e+08
66 84 4.01e+08
67 84 4.01e+08
68 84 4.01e+08
69 84 4.01e+08
70 84 4.01e+08
71 84 4.01e+08
72 84 4.01e+08
73 84 4.01e+08
74 84 4.01e+08
75 84 4.01e+08
76 84 4.01e+08
77 84 4.01e+08
78 84 4.01e+08
79 84 4.01e+08
80 84 4.01e+08
81 84 4.01e+08
82 84 4.01e+08
83 84 4.01e+08
84 84 4.01e+08
85 84 4.01e+08
86 84 4.01e+08
87 84 4.01e+08
88 84 4.01e+08
89 84 4.01e+08
90 84 4.01e+08
91 84 4.01e+08
92 84 4.01e+08
93 84 4.01e+08
94 84 4.01e+08
95 84 4.01e+08
96 84 4.01e+08
97 84 4.01e+08
98 84 4.01e+08
99 84 4.01e+08

0 85 4.24e+08
1 85 4.24e+08
2 85 4.24e+08
3 85 4.24e+08
4 85 4.24e+08
5 85 4.24e+08
6 85 4.24e+08
7 85 4.24e+08
8 85 4.24e+08
9 85 4.24e+08
10 85 4.24e+08
11 85 4.24e+08
12 85 4.24e+08
13 85 4.24e+08
14 85 4.24e+08
15 85 4.24e+08
16 85 4.24e+08
17 85 4.24e+08
18 85 4.24e+08
19 85 4.24e+08
20 85 4.24e+08
21 85 4.24e+08
22 85 4.24e+08
23 85 4.24e+08
24 85 4.24e+08
25 85 4.24e+08
26 85 4.24e+08
27 85 4.24e+08
28 85 4.24e+08
29 85 4.24e+08
30 85 4.24e+08
31 85 4.24e+08
32 85 4.24e+08
33 85 4.24e+08
34 85 4.24e+08
35 85 4.24e+08
36 85 4.24e+08
37 85 4.24e+08
38 85 4.24e+08
39 85 4.24e+08
40 85 4.24e+08
41 85 4.24e+08
42 85 4.24e+08
43 85 4.24e+08
44 85 4.24e+08
45 85 4.24e+08
46 85 4.24e+08
47 85 4.24e+08
48 85 4.24e+08
49 85 4.24e+08
50 85 4.24e+08
51 85 4.24e+08
52 85 4.24e+08
53 85 4.24e+08
54 85 4.24e+08
55 85 4.24e+08
56 85 4.24e+08
57 85 4.24e+08
58 85 4.24e+08
59 85 4.24e+08
60 85 4.24e+08
61 85 4.24e+08
62 85 4.24e+08
63 85 4.24e+08
64 85 4.24e+08
65 85 4.24e+08
66 85 4.24e+08
67 85 4.24e+08
68 85 4.24e+08
69 85 4.24e+08
70 85 4.24e+08
71 85 4.24e+08
72 85 4.24e+08
73 85 4.24e+08
74 85 4.24e+08
75 85 4.24e+08
76 85 4.24e+08
77 85 4.24e+08
78 85 4.24e+08
79 85 4.24e+08
80 85 4.24e+08
81 85 4.24e+08
82 85 4.24e+08
83 85 4.24e+08
84 85 4.24e+08
85 85 4.24e+08
86 85 4.24e+08
87 85 4.24e+08
88 85 4.24e+08
89 85 4.24e+08
90 85 4.24e+08
91 85 4.24e+08
92 85 4.24e+08
93 85 4.24e+08
94 85 4.24e+08
95 85 4.24e+08
96 85 4.24e+08
97 85 4.24e+08
98 85 4.24e+08
99 85 4.24e+08

0 86 4.72e+08
1 86 4.72e+08
2 86 4.72e+08
3 86 4.72e+08
4 86 4.72e+08
5 86 4.72e+08
6 86 4.72e+08
7 86 4.72e+08
8 86 4.72e+08
9 86 4.72e+08
10 86 4.72e+08
11 86 4.72e+08
12 86 4.72e+08
13 86 4.72e+08
14 86 4.72e+08
15 86 4.72e+08
16 86 4.72e+08
17 86 4.72e+08
18 86 4.72e+08
19 86 4.72e+08
20 86 4.72e+08
21 86 4.72e+08
22 86 4.72e+08
23 86 4.72e+08
24 86 4.72e+08
25 86 4.72e+08
26 86 4.72e+08
27 86 4.72e+08
28 86 4.72e+08
29 86 4.72e+08
30 86 4.72e+08
31 86 4.72e+08
32 86 4.72e+08
33 86 4.72e+08
34 86 4.72e+08
35 86 4.72e+08
36 86 4.72e+08
37 86 4.72e+08
38 86 4.72e+08
39 86 4.72e+08
40 86 4.72e+08
41 86 4.72e+08
42 86 4.72e+08
43 86 4.72e+08
44 86 4.72e+08
45 86 4.72e+08
46 86 4.72e+08
47 86 4.72e+08
48 86 4.72e+08
49 86 4.72e+08
50 86 4.72e+08
51 86 4.72e+08
52 86 4.72e+08
53 86 4.72e+08
54 86 4.72e+08
55 86 4.72e+08
56 86 4.72e+08
57 86 4.72e+08
58 86 4.72e+08
59 86 4.72e+08
60 86 4.72e+08
61 86 4.72e+08
62 86 4.72e+08
63 86 4.72e+08
64 86 4.72e+08
65 86 4.72e+08
66 86 4.72e+08
67 86 4.72e+08
68 86 4.72e+08
69 86 4.72e+08
70 86 4.72e+08
71 86 4.72e+08
72 86 4.72e+08
73 86 4.72e+08
74 86 4.72e+08
75 86 4.72e+08
76 86 4.72e+08
77 86 4.72e+08
78 86 4.72e+08
79 86 4.72e+08
80 86 4.72e+08
81 86 4.72e+08
82 86 4.72e+08
83 86 4.72e+08
84 86 4.72e+08
85 86 4.72e+08
86 86 4.72e+08
87 86 4.72e+08
88 86 4.72e+08
89 86 4.72e+08
90 86 4.72e+08
91 86 4.72e+08
92 86 4.72e+08
93 86 4.72e+08
94 86 4.72e+08
95 86 4.72e+08
96 86 4.72e+08
97 86 4.72e+08
98 86 4.72e+08
99 86 4.72e+08

0 87 5.83e+08
1 87 5.83e+08
2 87 5.83e+08
3 87 5.83e+08
4 87 5.83e+08
5 87 5.83e+08
6 87 5.83e+08
7 87 5.83e+08
8 87 5.83e+08
9 87 5.83e+08
10 87 5.83e+08
11 87 5.83e+08
12 87 5.83e+08
13 87 5.83e+08
14 87 5.83e+08
15 87 5.83e+08
16 87 5.83e+08
17 87 5.83e+08
18 87 5.83e+08
19 87 5.83e+08
20 87 5.83e+08
21 87 5.83e+08
22 87 5.83e+08
23 87 5.83e+08
24 87 5.83e+08
25 87 5.83e+08
26 87 5.83e+08
27 87 5.83e+08
28 87 5.83e+08
29 87 5.83e+08
30 87 5.83e+08
31 87 5.83e+08
32 87 5.83e+08
33 87 5.83e+08
34 87 5.83e+08
35 87 5.83e+08
36 87 5.83e+08
37 87 5.83e+08
38 87 5.83e+08
39 87 5.83e+08
40 87 5.83e+08
41 87 5.83e+08
42 87 5.83e+08
43 87 5.83e+08
44 87 5.83e+08
45 87 5.83e+08
46 87 5.83e+08
47 87 5.83e+08
48 87 5.83e+08
49 87 5.83e+08
50 87 5.83e+08
51 87 5.83e+08
52 87 5.83e+08
53 87 5.83e+08
54 87 5.83e+08
55 87 5.83e+08
56 87 5.83e+08
57 87 5.83e+08
58 87 5.83e+08
59 87 5.83e+08
60 87 5.83e+08
61 87 5.83e+08
62 87 5.83e+08
63 87 5.83e+08
64 87 5.83e+08
65 87 5.83e+08
66 87 5.83e+08
67 87 5.83e+08
68 87 5.83e+08
69 87 5.83e+08
70 87 5.83e+08
71 87 5.83e+08
72 87 5.83e+08
73 87 5.83e+08
74 87 5.83e+08
75 87 5.83e+08
76 87 5.83e+08
77 87 5.83e+08
78 87 5.83e+08
79 87 5.83e+08
80 87 5.83e+08
81 87 5.83e+08
82 87 5.83e+08
83 87 5.83e+08
84 87 5.83e+08
85 87 5.83e+08
86 87 5.83e+08
87 87 5.83e+08
88 87 5.83e+08
89 87 5.83e+08
90 87 5.83e+08
91 87 5.83e+08
92 87 5.83e+08
93 87 5.83e+08
94 87 5.83e+08
95 87 5.83e+08
96 87 5.83e+08
97 87 5.83e+08
98 87 5.83e+08
99 87 5.83e+08

0 88 8.41e+08
1 88 8.41e+08
2 88 8.41e+08
3 88 8.41e+08
4 88 8.41e+08
5 88 8.41e+08
6 88 8.41e+08
7 88 8.41e+08
8 88 8.41e+08
9 88 8.41e+08
10 88 8.41e+08
11 88 8.41e+08
12 88 8.41e+08
13 88 8.41e+08
14 88 8.41e+08
15 88 8.41e+08
16 88 8.41e+08
17 88 8.41e+08
18 88 8.41e+08
19 88 8.41e+08
20 88 8.41e+08
21 88 8.41e+08
22 88 8.41e+08
23 88 8.41e+08
24 88 8.41e+08
25 88 8.41e+08
26 88 8.41e+08
27 88 8.41e+08
28 88 8.41e+08
29 88 8.41e+08
30 88 8.41e+08
31 88 8.41e+08
32 88 8.41e+08
33 88 8.41e+08
34 88 8.41e+08
35 88 8.41e+08
36 88 8.41e+08
37 88 8.41e+08
38 88 8.41e+08
39 88 8.41e+08
40 88 8.41e+08
41 88 8.41e+08
42 88 8.41e+08
43 88 8.41e+08
44 88 8.41e+08
45 88 8.41e+08
46 88 8.41e+08
47 88 8.41e+08
48 88 8.41e+08
49 88 8.41e+08
50 88 8.41e+08
51 88 8.41e+08
52 88 8.41e+08
53 88 8.41e+08
54 88 8.41e+08
55 88 8.41e+08
56 88 8.41e+08
57 88 8.41e+08
58 88 8.41e+08
59 88 8.41e+08
60 88 8.41e+08
61 88 8.41e+08
62 88 8.41e+08
63 88 8.41e+08
64 88 8.41e+08
65 88 8.41e+08
66 88 8.41e+08
67 88 8.41e+08
68 88 8.41e+08
69 88 8.41e+08
70 88 8.41e+08
71 88 8.41e+08
72 88 8.41e+08
73 88 8.41e+08
74 88 8.41e+08
75 88 8.41e+08
76 88 8.41e+08
77 88 8.41e+08
78 88 8.41e+08
79 88 8.41e+08
80 88 8.41e+08
81 88 8.41e+08
82 88 8.41e+08
83 88 8.41e+08
84 88 8.41e+08
85 88 8.41e+08
86 88 8.41e+08
87 88 8.41e+08
88 88 8.41e+08
89 88 8.41e+08
90 88 8.41e+08
91 88 8.41e+08
92 88 8.41e+08
93 88 8.41e+08
94 88 8.41e+08
95 88 8.41e+08
96 88 8.41e+08
97 88 8.41e+08
98 88 8.41e+08
99 88 8.41e+08

0 89 1.342e+09
1 89 1.342e+09
2 89 1.342e+09
3 89 1.342e+09
4 89 1.342e+09
5 89 1.342e+09
6 89 1.342e+09
7 89 1.342e+09
8 89 1.342e+09
9 89 1.342e+09
10 89 1.342e+09
11 89 1.342e+09
12 89 1.342e+09
13 89 1.342e+09
14 89 1.342e+09
15 89 1.342e+09
16 89 1.342e+09
17 89 1.342e+09
18 89 1.342e+09
19 89 1.342e+09
20 89 1.342e+09
21 89 1.342e+09
22 89 1.342e+09
23 89 1.342e+09
24 89 1.342e+09
25 89 1.342e+09
26 89 1.342e+09
27 89 1.342e+09
28 89 1.342e+09
29 89 1.342e+09
30 89 1.342e+09
31 89 1.342e+09
32 89 1.342e+09
33 89 1.342e+09
34 89 1.342e+09
35 89 1.342e+09
36 89 1.342e+09
37 89 1.342e+09
38 89 1.342e+09
39 89 1.342e+09
40 89 1.342e+09
41 89 1.342e+09
42 89 1.342e+09
43 89 1.342e+09
44 89 1.342e+09
45 89 1.342e+09
46 89 1.342e+09
47 89 1.342e+09
48 89 1.342e+09
49 89 1.342e+09
50 89 1.342e+09
51 89 1.342e+09
52 89 1.342e+09
53 89 1.342e+09
54 89 1.342e+09
55 89 1.342e+09
56 89 1.342e+09
57 89 1.342e+09
58 89 1.342e+09
59 89 1.342e+09
60 89 1.342e+09
61 89 1.342e+09
62 89 1.342e+09
63 89 1.342e+09
64 89 1.342e+09
65 89 1.342e+09
66 89 1.342e+09
67 89 1.342e+09
68 89 1.342e+09
69 89 1.342e+09
70 89 1.342e+09
71 89 1.342e+09
72 89 1.342e+09
73 89 1.342e+09
74 89 1.342e+09
75 89 1.342e+09
76 89 1.342e+09
77 89 1.342e+09
78 89 1.342e+09
79 89 1.342e+09
80 89 1.342e+09
81 89 1.342e+09
82 89 1.342e+09
83 89 1.342e+09
84 89 1.342e+09
85 89 1.342e+09
86 89 1.342e+09
87 89 1.342e+09
88 89 1.342e+09
89 89 1.342e+09
90 89 1.342e+09
91 89 1.342e+09
92 89 1.342e+09
93 89 1.342e+09
94 89 1.342e+09
95 89 1.342e+09
96 89 1.342e+09
97 89 1.342e+09
98 89 1.342e+09
99 89 1.342e+09

0 90 1.932e+09
1 90 1.932e+09
2 90 1.932e+09
3 90 1.932e+09
4 90 1.932e+09
5 90 1.932e+09
6 90 1.932e+09
7 90 1.932e+09
8 90 1.932e+09
9 90 1.932e+09
10 90 1.932e+09
11 90 1.932e+09
12 90 1.932e+09
13 90 1.932e+09
14 90 1.932e+09
15 90 1.932e+09
16 90 1.932e+09
17 90 1.932e+09
18 90 1.932e+09
19 90 1.932e+09
20 90 1.932e+09
21 90 1.932e+09
22 90 1.932e+09
23 90 1.932e+09
24 90 1.932e+09
25 90 1.932e+09
26 90 1.932e+09
27 90 1.932e+09
28 90 1.932e+09
29 90 1.932e+09
30 90 1.932e+09
31 90 1.932e+09
32 90 1.932e+09
33 90 1.932e+09
34 90 1.932e+09
35 90 1.932e+09
36 90 1.932e+09
37 90 1.932e+09
38 90 1.932e+09
39 90 1.932e+09
40 90 1.932e+09
41 90 1.932e+09
42 90 1.932e+09
43 90 1.932e+09
44 90 1.932e+09
45 90 1.932e+09
46 90 1.932e+09
47 90 1.932e+09
48 90 1.932e+09
49 90 1.932e+09
50 90 1.932e+09
51 90 1.932e+09
52 90 1.932e+09
53 90 1.932e+09
54 90 1.932e+09
55 90 1.932e+09
56 90 1.932e+09
57 90 1.932e+09
58 90 1.932e+09
59 90 1.932e+09
60 90 1.932e+09
61 90 1.932e+09
62 90 1.932e+09
63 90 1.932e+09
64 90 1.932e+09
65 90 1.932e+09
66 90 1.932e+09
67 90 1.932e+09
68 90 1.932e+09
69 90 1.932e+09
70 90 1.932e+09
71 90 1.932e+09
72 90 1.932e+09
73 90 1.932e+09
74 90 1.932e+09
75 90 1.932e+09
76 90 1.932e+09
77 90 1.932e+09
78 90 1.932e+09
79 90 1.932e+09
80 90 1.932e+09
81 90 1.932e+09
82 90 1.932e+09
83 90 1.932e+09
84 90 1.932e+09
85 90 1.932e+09
86 90 1.932e+09
87 90 1.932e+09
88 90 1.932e+09
89 90 1.932e+09
90 90 1.932e+09
91 90 1.932e+09
92 90 1.932e+09
93 90 1.932e+09
94 90 1.932e+09
95 90 1.932e+09
96 90 1.932e+09
97 90 1.932e+09
98 90 1.932e+09
99 90 1.932e+09

0 91 2.605e+09
1 91 2.605e+09
2 91 2.605e+09
3 91 2.605e+09
4 91 2.605e+09
5 91 2.605e+09
6 91 2.605e+09
7 91 2.605e+09
8 91 2.605e+09
9 91 2.605e+09
10 91 2.605e+09
11 91 2.605e+09
12 91 2.605e+09
13 91 2.605e+09
14 91 2.605e+09
15 91 2.605e+09
16 91 2.605e+09
17 91 2.605e+09
18 91 2.605e+09
19 91 2.605e+09
20 91 2.605e+09
21 91 2.605e+09
22 91 2.605e+09
23 91 2.605e+09
24 91 2.605e+09
25 91 2.605e+09
26 91 2.605e+09
27 91 2.605e+09
28 91 2.605e+09
29 91 2.605e+09
30 91 2.605e+09
31 91 2.605e+09
32 91 2.605e+09
33 91 2.605e+09
34 91 2.605e+09
35 91 2.605e+09
36 91 2.605e+09
37 91 2.605e+09
38 91 2.605e+09
39 91 2.605e+09
40 91 2.605e+09
41 91 2.605e+09
42 91 2.605e+09
43 91 2.605e+09
44 91 2.605e+09
45 91 2.605e+09
46 91 2.605e+09
47 91 2.605e+09
48 91 2.605e+09
49 91 2.605e+09
50 91 2.605e+09
51 91 2.605e+09
52 91 2.605e+09
53 91 2.605e+09
54 91 2.605e+09
55 91 2.605e+09
56 91 2.605e+09
57 91 2.605e+09
58 91 2.605e+09
59 91 2.605e+09
60 91 2.605e+09
61 91 2.605e+09
62 91 2.605e+09
63 91 2.605e+09
64 91 2.605e+09
65 91 2.605e+09
66 91 2.605e+09
67 91 2.605e+09
68 91 2.605e+09
69 91 2.605e+09
70 91 2.605e+09
71 91 2.605e+09
72 91 2.605e+09
73 91 2.605e+09
74 91 2.605e+09
75 91 2.605e+09
76 91 2.605e+09
77 91 2.605e+09
78 91 2.605e+09
79 91 2.605e+09
80 91 2.605e+09
81 91 2.605e+09
82 91 2.605e+09
83 91 2.605e+09
84 91 2.605e+09
85 91 2.605e+09
86 91 2.605e+09
87 91 2.605e+09
88 91 2.605e+09
89 91 2.605e+09
90 91 2.605e+09
91 91 2.605e+09
92 91 2.605e+09
93 91 2.605e+09
94 91 2.605e+09
95 91 2.605e+09
96 91 2.605e+09
97 91 2.605e+09
98 91 2.605e+09
99 91 2.605e+09

0 92 3.319e+09
1 92 3.319e+09
2 92 3.319e+09
3 92 3.319e+09
4 92 3.319e+09
5 92 3.319e+09
6 92 3.319e+09
7 92 3.319e+09
8 92 3.319e+09
9 92 3.319e+09
10 92 3.319e+09
11 92 3.319e+09
12 92 3.319e+09
13 92 3.319e+09
14 92 3.319e+09
15 92 3.319e+09
16 92 3.319e+09
17 92 3.319e+09
18 92 3.319e+09
19 92 3.319e+09
20 92 3.319e+09
21 92 3.319e+09
22 92 3.319e+09
23 92 3.319e+09
24 92 3.319e+09
25 92 3.319e+09
26 92 3.319e+09
27 92 3.319e+09
28 92 3.319e+09
29 92 3.319e+09
30 92 3.319e+09
31 92 3.319e+09
32 92 3.319e+09
33 92 3.319e+09
34 92 3.319e+09
35 92 3.319e+09
36 92 3.319e+09
37 92 3.319e+09
38 92 3.319e+09
39 92 3.319e+09
40 92 3.319e+09
41 92 3.319e+09
42 92 3.319e+09
43 92 3.319e+09
44 92 3.319e+09
45 92 3.319e+09
46 92 3.319e+09
47 92 3.319e+09
48 92 3.319e+09
49 92 3.319e+09
50 92 3.319e+09
51 92 3.319e+09
52 92 3.319e+09
53 92 3.319e+09
54 92 3.319e+09
55 92 3.319e+09
56 92 3.319e+09
57 92 3.319e+09
58 92 3.319e+09
59 92 3.319e+09
60 92 3.319e+09
61 92 3.319e+09
62 92 3.319e+09
63 92 3.319e+09
64 92 3.319e+09
65 92 3.319e+09
66 92 3.319e+09
67 92 3.319e+09
68 92 3.319e+09
69 92 3.319e+09
70 92 3.319e+09
71 92 3.319e+09
72 92 3.319e+09
73 92 3.319e+09
74 92 3.319e+09
75 92 3.319e+09
76 92 3.319e+09
77 92 3.319e+09
78 92 3.319e+09
79 92 3.319e+09
80 92 3.319e+09
81 92 3.319e+09
82 92 3.319e+09
83 92 3.319e+09
84 92 3.319e+09
85 92 3.319e+09
86 92 3.319e+09
87 92 3.319e+09
88 92 3.319e+09
89 92 3.319e+09
90 92 3.319e+09
91 92 3.319e+09
92 92 3.319e+09
93 92 3.319e+09
94 92 3.319e+09
95 92 3.319e+09
96 92 3.319e+09
97 92 3.319e+09
98 92 3.319e+09
99 92 3.319e+09

0 93 4.029e+09
1 93 4.029e+09
2 93 4.029e+09
3 93 4.029e+09
4 93 4.029e+09
5 93 4.029e+09
6 93 4.029e+09
7 93 4.029e+09
8 93 4.029e+09
9 93 4.029e+09
10 93 4.029e+09
11 93 4.029e+09
12 93 4.029e+09
13 93 4.029e+09
14 93 4.029e+09
15 93 4.029e+09
16 93 4.029e+09
17 93 4.029e+09
18 93 4.029e+09
19 93 4.029e+09
20 93 4.029e+09
21 93 4.029e+09
22 93 4.029e+09
23 93 4.029e+09
24 93 4.029e+09
25 93 4.029e+09
26 93 4.029e+09
27 93 4.029e+09
28 93 4.029e+09
29 93 4.029e+09
30 93 4.029e+09
31 93 4.029e+09
32 93 4.029e+09
33 93 4.029e+09
34 93 4.029e+09
35 93 4.029e+09
36 93 4.029e+09
37 93 4.029e+09
38 93 4.029e+09
39 93 4.029e+09
40 93 4.029e+09
41 93 4.029e+09
42 93 4.029e+09
43 93 4.029e+09
44 93 4.029e+09
45 93 4.029e+09
46 93 4.029e+09
47 93 4.029e+09
48 93 4.029e+09
49 93 4.029e+09
50 93 4.029e+09
51 93 4.029e+09
52 93 4.029e+09
53 93 4.029e+09
54 93 4.029e+09
55 93 4.029e+09
56 93 4.029e+09
57 93 4.029e+09
58 93 4.029e+09
59 93 4.029e+09
60 93 4.029e+09
61 93 4.029e+09
62 93 4.029e+09
63 93 4.029e+09
64 93 4.029e+09
65 93 4.029e+09
66 93 4.029e+09
67 93 4.029e+09
68 93 4.029e+09
69 93 4.029e+09
70 93 4.029e+09
71 93 4.029e+09
72 93 4.029e+09
73 93 4.029e+09
74 93 4.029e+09
75 93 4.029e+09
76 93 4.029e+09
77 93 4.029e+09
78 93 4.029e+09
79 93 4.029e+09
80 93 4.029e+09
81 93 4.029e+09
82 93 4.029e+09
83 93 4.029e+09
84 93 4.029e+09
85 93 4.029e+09
86 93 4.029e+09
87 93 4.029e+09
88 93 4.029e+09
89 93 4.029e+09
90 93 4.029e+09
91 93 4.029e+09
92 93 4.029e+09
93 93 4.029e+09
94 93 4.029e+09
95 93 4.029e+09
96 93 4.029e+09
97 93 4.029e+09
98 93 4.029e+09
99 93 4.029e+09

0 94 4.696e+09
1 94 4.696e+09
2 94 4.696e+09
3 94 4.696e+09
4 94 4.696e+09
5 94 4.696e+09
6 94 4.696e+09
7 94 4.696e+09
8 94 4.696e+09
9 94 4.696e+09
10 94 4.696e+09
11 94 4.696e+09
12 94 4.696e+09
13 94 4.696e+09
14 94 4.696e+09
15 94 4.696e+09
16 94 4.696e+09
17 94 4.696e+09
18 94 4.696e+09
19 94 4.696e+09
20 94 4.696e+09
21 94 4.696e+09
22 94 4.696e+09
23 94 4.696e+09
24 94 4.696e+09
25 94 4.696e+09
26 94 4.696e+09
27 94 4.696e+09
28 94 4.696e+09
29 94 4.696e+09
30 94 4.696e+09
31 94 4.696e+09
32 94 4.696e+09
33 94 4.696e+09
34 94 4.696e+09
35 94 4.696e+09
36 94 4.696e+09
37 94 4.696e+09
38 94 4.696e+09
39 94 4.696e+09
40 94 4.696e+09
41 94 4.696e+09
42 94 4.696e+09
43 94 4.696e+09
44 94 4.696e+09
45 94 4.696e+09
46 94 4.696e+09
47 94 4.696e+09
48 94 4.696e+09
49 94 4.696e+09
50 94 4.696e+09
51 94 4.696e+09
52 94 4.696e+09
53 94 4.696e+09
54 94 4.696e+09
55 94 4.696e+09
56 94 4.696e+09
57 94 4.696e+09
58 94 4.696e+09
59 94 4.696e+09
60 94 4.696e+09
61 94 4.696e+09
62 94 4.696e+09
63 94 4.696e+09
64 94 4.696e+09
65 94 4.696e+09
66 94 4.696e+09
67 94 4.696e+09
68 94 4.696e+09
69 94 4.696e+09
70 94 4.696e+09
71 94 4.696e+09
72 94 4.696e+09
73 94 4.696e+09
74 94 4.696e+09
75 94 4.696e+09
76 94 4.696e+09
77 94 4.696e+09
78 94 4.696e+09
79 94 4.696e+09
80 94 4.696e+09
81 94 4.696e+09
82 94 4.696e+09
83 94 4.696e+09
84 94 4.696e+09
85 94 4.696e+09
86 94 4.696e+09
87 94 4.696e+09
88 94 4.696e+09
89 94 4.696e+09
90 94 4.696e+09
91 94 4.696e+09
92 94 4.696e+09
93 94 4.696e+09
94 94 4.696e+09
95 94 4.696e+09
96 94 4.696e+09
97 94 4.696e+09
98 94 4.696e+09
99 94 4.696e+09

0 95 5.291e+09
1 95 5.291e+09
2 95 5.291e+09
3 95 5.291e+09
4 95 5.291e+09
5 95 5.291e+09
6 95 5.291e+09
7 95 5.291e+09
8 95 5.291e+09
9 95 5.291e+09
10 95 5.291e+09
11 95 5.291e+09
12 95 5.291e+09
13 95 5.291e+09
14 95 5.291e+09
15 95 5.291e+09
16 95 5.291e+09
17 95 5.291e+09
18 95 5.291e+09
19 95 5.291e+09
20 95 5.291e+09
21 95 5.291e+09
22 95 5.291e+09
23 95 5.291e+09
24 95 5.291e+09
25 95 5.291e+09
26 95 5.291e+09
27 95 5.291e+09
28 95 5.291e+09
29 95 5.291e+09
30 95 5.291e+09
31 95 5.291e+09
32 95 5.291e+09
33 95 5.291e+09
34 95 5.291e+09
35 95 5.291e+09
36 95 5.291e+09
37 95 5.291e+09
38 95 5.291e+09
39 95 5.291e+09
40 95 5.291e+09
41 95 5.291e+09
42 95 5.291e+09
43 95 5.291e+09
44 95 5.291e+09
45 95 5.291e+09
46 95 5.291e+09
47 95 5.291e+09
48 95 5.291e+09
49 95 5.291e+09
50 95 5.291e+09
51 95 5.291e+09
52 95 5.291e+09
53 95 5.291e+09
54 95 5.291e+09
55 95 5.291e+09
56 95 5.291e+09
57 95 5.291e+09
58 95 5.291e+09
59 95 5.291e+09
60 95 5.291e+09
61 95 5.291e+09
62 95 5.291e+09
63 95 5.291e+09
64 95 5.291e+09
65 95 5.291e+09
66 95 5.291e+09
67 95 5.291e+09
68 95 5.291e+09
69 95 5.291e+09
70 95 5.291e+09
71 95 5.291e+09
72 95 5.291e+09
73 95 5.291e+09
74 95 5.291e+09
75 95 5.291e+09
76 95 5.291e+09
77 95 5.291e+09
78 95 5.291e+09
79 95 5.291e+09
80 95 5.291e+09
81 95 5.291e+09
82 95 5.291e+09
83 95 5.291e+09
84 95 5.291e+09
85 95 5.291e+09
86 95 5.291e+09
87 95 5.291e+09
88 95 5.291e+09
89 95 5.291e+09
90 95 5.291e+09
91 95 5.291e+09
92 95 5.291e+09
93 95 5.291e+09
94 95 5.291e+09
95 95 5.291e+09
96 95 5.291e+09
97 95 5.291e+09
98 95 5.291e+09
99 95 5.291e+09

0 96 5.798e+09
1 96 5.798e+09
2 96 5.798e+09
3 96 5.798e+09
4 96 5.798e+09
5 96 5.798e+09
6 96 5.798e+09
7 96 5.798e+09
8 96 5.798e+09
9 96 5.798e+09
10 96 5.798e+09
11 96 5.798e+09
12 96 5.798e+09
13 96 5.798e+09
14 96 5.798e+09
15 96 5.798e+09
16 96 5.798e+09
17 96 5.798e+09
18 96 5.798e+09
19 96 5.798e+09
20 96 5.798e+09
21 96 5.798e+09
22 96 5.798e+09
23 96 5.798e+09
24 96 5.798e+09
25 96 5.798e+09
26 96 5.798e+09
27 96 5.798e+09
28 96 5.798e+09
29 96 5.798e+09
30 96 5.798e+09
31 96 5.798e+09
32 96 5.798e+09
33 96 5.798e+09
34 96 5.798e+09
35 96 5.798e+09
36 96 5.798e+09
37 96 5.798e+09
38 96 5.798e+09
39 96 5.798e+09
40 96 5.798e+09
41 96 5.798e+09
42 96 5.798e+09
43 96 5.798e+09
44 96 5.798e+09
45 96 5.798e+09
46 96 5.798e+09
47 96 5.798e+09
48 96 5.798e+09
49 96 5.798e+09
50 96 5.798e+09
51 96 5.798e+09
52 96 5.798e+09
53 96 5.798e+09
54 96 5.798e+09
55 96 5.798e+09
56 96 5.798e+09
57 96 5.798e+09
58 96 5.798e+09
59 96 5.798e+09
60 96 5.798e+09
61 96 5.798e+09
62 96 5.798e+09
63 96 5.798e+09
64 96 5.798e+09
65 96 5.798e+09
66 96 5.798e+09
67 96 5.798e+09
68 96 5.798e+09
69 96 5.798e+09
70 96 5.798e+09
71 96 5.798e+09
72 96 5.798e+09
73 96 5.798e+09
74 96 5.798e+09
75 96 5.798e+09
76 96 5.798e+09
77 96 5.798e+09
78 96 5.798e+09
79 96 5.798e+09
80 96 5.798e+09
81 96 5.798e+09
82 96 5.798e+09
83 96 5.798e+09
84 96 5.798e+09
85 96 5.798e+09
86 96 5.798e+09
87 96 5.798e+09
88 96 5.798e+09
89 96 5.798e+09
90 96 5.798e+09
91 96 5.798e+09
92 96 5.798e+09
93 96 5.798e+09
94 96 5.798e+09
95 96 5.798e+09
96 96 5.798e+09
97 96 5.798e+09
98 96 5.798e+09
99 96 5.798e+09

0 97 6.21e+09
1 97 6.21e+09
2 97 6.21e+09
3 97 6.21e+09
4 97 6.21e+09
5 97 6.21e+09
6 97 6.21e+09
7 97 6.21e+09
8 97 6.21e+09
9 97 6.21e+09
10 97 6.21e+09
11 97 6.21e+09
12 97 6.21e+09
13 97 6.21e+09
14 97 6.21e+09
15 97 6.21e+09
16 97 6.21e+09
17 97 6.21e+09
18 97 6.21e+09
19 97 6.21e+09
20 97 6.21e+09
21 97 6.21e+09
22 97 6.21e+09
23 97 6.21e+09
24 97 6.21e+09
25 97 6.21e+09
26 97 6.21e+09
27 97 6.21e+09
28 97 6.21e+09
29 97 6.21e+09
30 97 6.21e+09
31 97 6.21e+09
32 97 6.21e+09
33 97 6.21e+09
34 97 6.21e+09
35 97 6.21e+09
36 97 6.21e+09
37 97 6.21e+09
38 97 6.21e+09
39 97 6.21e+09
40 97 6.21e+09
41 97 6.21e+09
42 97 6.21e+09
43 97 6.21e+09
44 97 6.21e+09
45 97 6.21e+09
46 97 6.21e+09
47 97 6.21e+09
48 97 6.21e+09
49 97 6.21e+09
50 97 6.21e+09
51 97 6.21e+09
52 97 6.21e+09
53 97 6.21e+09
54 97 6.21e+09
55 97 6.21e+09
56 97 6.21e+09
57 97 6.21e+09
58 97 6.21e+09
59 97 6.21e+09
60 97 6.21e+09
61 97 6.21e+09
62 97 6.21e+09
63 97 6.21e+09
64 97 6.21e+09
65 97 6.21e+09
66 97 6.21e+09
67 97 6.21e+09
68 97 6.21e+09
69 97 6.21e+09
70 97 6.21e+09
71 97 6.21e+09
72 97 6.21e+09
73 97 6.21e+09
74 97 6.21e+09
75 97 6.21e+09
76 97 6.21e+09
77 97 6.21e+09
78 97 6.21e+09
79 97 6.21e+09
80 97 6.21e+09
81 97 6.21e+09
82 97 6.21e+09
83 97 6.21e+09
84 97 6.21e+09
85 97 6.21e+09
86 97 6.21e+09
87 97 6.21e+09
88 97 6.21e+09
89 97 6.21e+09
90 97 6.21e+09
91 97 6.21e+09
92 97 6.21e+09
93 97 6.21e+09
94 97 6.21e+09
95 97 6.21e+09
96 97 6.21e+09
97 97 6.21e+09
98 97 6.21e+09
99 97 6.21e+09

0 98 6.532e+09
1 98 6.532e+09
2 98 6.532e+09
3 98 6.532e+09
4 98 6.532e+09
5 98 6.532e+09
6 98 6.532e+09
7 98 6.532e+09
8 98 6.532e+09
9 98 6.532e+09
10 98 6.532e+09
11 98 6.532e+09
12 98 6.532e+09
13 98 6.532e+09
14 98 6.532e+09
15 98 6.532e+09
16 98 6.532e+09
17 98 6.532e+09
18 98 6.532e+09
19 98 6.532e+09
20 98 6.532e+09
21 98 6.532e+09
22 98 6.532e+09
23 98 6.532e+09
24 98 6.532e+09
25 98 6.532e+09
26 98 6.532e+09
27 98 6.532e+09
28 98 6.532e+09
29 98 6.532e+09
30 98 6.532e+09
31 98 6.532e+09
32 98 6.532e+09
33 98 6.532e+09
34 98 6.532e+09
35 98 6.532e+09
36 98 6.532e+09
37 98 6.532e+09
38 98 6.532e+09
39 98 6.532e+09
40 98 6.532e+09
41 98 6.532e+09
42 98 6.532e+09
43 98 6.532e+09
44 98 6.532e+09
45 98 6.532e+09
46 98 6.532e+09
47 98 6.532e+09
48 98 6.532e+09
49 98 6.532e+09
50 98 6.532e+09
51 98 6.532e+09
52 98 6.532e+09
53 98 6.532e+09
54 98 6.532e+09
55 98 6.532e+09
56 98 6.532e+09
57 98 6.532e+09
58 98 6.532e+09
59 98 6.532e+09
60 98 6.532e+09
61 98 6.532e+09
62 98 6.532e+09
63 98 6.532e+09
64 98 6.532e+09
65 98 6.532e+09
66 98 6.532e+09
67 98 6.532e+09
68 98 6.532e+09
69 98 6.532e+09
70 98 6.532e+09
71 98 6.532e+09
72 98 6.532e+09
73 98 6.532e+09
74 98 6.532e+09
75 98 6.532e+09
76 98 6.532e+09
77 98 6.532e+09
78 98 6.532e+09
79 98 6.532e+09
80 98 6.532e+09
81 98 6.532e+09
82 98 6.532e+09
83 98 6.532e+09
84 98 6.532e+09
85 98 6.532e+09
86 98 6.532e+09
87 98 6.532e+09
88 98 6.532e+09
89 98 6.532e+09
90 98 6.532e+09
91 98 6.532e+09
92 98 6.532e+09
93 98 6.532e+09
94 98 6.532e+09
95 98 6.532e+09
96 98 6.532e+09
97 98 6.532e+09
98 98 6.532e+09
99 98 6.532e+09

0 99 6.773e+09
1 99 6.773e+09
2 99 6.773e+09
3 99 6.773e+09
4 99 6.773e+09
5 99 6.773e+09
6 99 6.773e+09
7 99 6.773e+09
8 99 6.773e+09
9 99 6.773e+09
10 99 6.773e+09
11 99 6.773e+09
12 99 6.773e+09
13 99 6.773e+09
14 99 6.773e+09
15 99 6.773e+09
16 99 6.773e+09
17 99 6.773e+09
18 99 6.773e+09
19 99 6.773e+09
20 99 6.773e+09
21 99 6.773e+09
22 99 6.773e+09
23 99 6.773e+09
24 99 6.773e+09
25 99 6.773e+09
26 99 6.773e+09
27 99 6.773e+09
28 99 6.773e+09
29 99 6.773e+09
30 99 6.773e+09
31 99 6.773e+09
32 99 6.773e+09
33 99 6.773e+09
34 99 6.773e+09
35 99 6.773e+09
36 99 6.773e+09
37 99 6.773e+09
38 99 6.773e+09
39 99 6.773e+09
40 99 6.773e+09
41 99 6.773e+09
42 99 6.773e+09
43 99 6.773e+09
44 99 6.773e+09
45 99 6.773e+09
46 99 6.773e+09
47 99 6.773e+09
48 99 6.773e+09
49 99 6.773e+09
50 99 6.773e+09
51 99 6.773e+09
52 99 6.773e+09
53 99 6.773e+09
54 99 6.773e+09
55 99 6.773e+09
56 99 6.773e+09
57 99 6.773e+09
58 99 6.773e+09
59 99 6.773e+09
60 99 6.773e+09
61 99 6.773e+09
62 99 6.773e+09
63 99 6.773e+09
64 99 6.773e+09
65 99 6.773e+09
66 99 6.773e+09
67 99 6.773e+09
68 99 6.773e+09
69 99 6.773e+09
70 99 6.773e+09
71 99 6.773e+09
72 99 6.773e+09
73 99 6.773e+09
74 99 6.773e+09
75 99 6.773e+09
76 99 6.773e+09
77 99 6.773e+09
78 99 6.773e+09
79 99 6.773e+09
80 99 6.773e+09
81 99 6.773e+09
82 99 6.773e+09
83 99 6.773e+09
84 99 6.773e+09
85 99 6.773e+09
86 99 6.773e+09
87 99 6.773e+09
88 99 6.773e+09
89 99 6.773e+09
90 99 6.773e+09
91 99 6.773e+09
92 99 6.773e+09
93 99 6.773e+09
94 99 6.773e+09
95 99 6.773e+09
96 99 6.773e+09
97 99 6.773e+09
98 99 6.773e+09
99 99 6.773e+09

