0 60 0
1 60 0
2 60 0
3 60 0
4 60 0
5 60 0
6 60 0
7 60 0
8 60 0
9 60 0
10 60 0
11 60 0
12 60 0
13 60 0
14 60 0
15 60 0
16 60 0
17 60 0
18 60 0
19 60 0
20 60 0
21 60 0
22 60 0
23 60 0
24 60 0
25 60 0
26 60 0
27 60 0
28 60 0
29 60 0
30 60 0
31 60 0
32 60 0
33 60 0
34 60 0
35 60 0
36 60 0
37 60 0
38 60 0
39 60 0
40 60 0
41 60 0
42 60 0
43 60 0
44 60 0
45 60 0
46 60 0
47 60 0
48 60 0
49 60 0
50 60 0
51 60 0
52 60 0
53 60 0
54 60 0
55 60 0
56 60 0
57 60 0
58 60 0
59 60 0
60 60 0
61 60 0
62 60 0
63 60 0
64 60 0
65 60 0
66 60 0
67 60 0
68 60 0
69 60 0
70 60 0
71 60 0
72 60 0
73 60 0
74 60 0
75 60 0
76 60 0
77 60 0
78 60 0
79 60 0
80 60 0
81 60 0
82 60 0
83 60 0
84 60 0
85 60 0
86 60 0
87 60 0
88 60 0
89 60 0
90 60 0
91 60 0
92 60 0
93 60 0
94 60 0
95 60 0
96 60 0
97 60 0
98 60 0
99 60 0

0 61 0
1 61 0
2 61 0
3 61 0
4 61 0
5 61 0
6 61 0
7 61 0
8 61 0
9 61 0
10 61 0
11 61 0
12 61 0
13 61 0
14 61 0
15 61 0
16 61 0
17 61 0
18 61 0
19 61 0
20 61 0
21 61 0
22 61 0
23 61 0
24 61 0
25 61 0
26 61 0
27 61 0
28 61 0
29 61 0
30 61 0
31 61 0
32 61 0
33 61 0
34 61 0
35 61 0
36 61 0
37 61 0
38 61 0
39 61 0
40 61 0
41 61 0
42 61 0
43 61 0
44 61 0
45 61 0
46 61 0
47 61 0
48 61 0
49 61 0
50 61 0
51 61 0
52 61 0
53 61 0
54 61 0
55 61 0
56 61 0
57 61 0
58 61 0
59 61 0
60 61 0
61 61 0
62 61 0
63 61 0
64 61 0
65 61 0
66 61 0
67 61 0
68 61 0
69 61 0
70 61 0
71 61 0
72 61 0
73 61 0
74 61 0
75 61 0
76 61 0
77 61 0
78 61 0
79 61 0
80 61 0
81 61 0
82 61 0
83 61 0
84 61 0
85 61 0
86 61 0
87 61 0
88 61 0
89 61 0
90 61 0
91 61 0
92 61 0
93 61 0
94 61 0
95 61 0
96 61 0
97 61 0
98 61 0
99 61 0

0 62 0
1 62 0
2 62 0
3 62 0
4 62 0
5 62 0
6 62 0
7 62 0
8 62 0
9 62 0
10 62 0
11 62 0
12 62 0
13 62 0
14 62 0
15 62 0
16 62 0
17 62 0
18 62 0
19 62 0
20 62 0
21 62 0
22 62 0
23 62 0
24 62 0
25 62 0
26 62 0
27 62 0
28 62 0
29 62 0
30 62 0
31 62 0
32 62 0
33 62 0
34 62 0
35 62 0
36 62 0
37 62 0
38 62 0
39 62 0
40 62 0
41 62 0
42 62 0
43 62 0
44 62 0
45 62 0
46 62 0
47 62 0
48 62 0
49 62 0
50 62 0
51 62 0
52 62 0
53 62 0
54 62 0
55 62 0
56 62 0
57 62 0
58 62 0
59 62 0
60 62 0
61 62 0
62 62 0
63 62 0
64 62 0
65 62 0
66 62 0
67 62 0
68 62 0
69 62 0
70 62 0
71 62 0
72 62 0
73 62 0
74 62 0
75 62 0
76 62 0
77 62 0
78 62 0
79 62 0
80 62 0
81 62 0
82 62 0
83 62 0
84 62 0
85 62 0
86 62 0
87 62 0
88 62 0
89 62 0
90 62 0
91 62 0
92 62 0
93 62 0
94 62 0
95 62 0
96 62 0
97 62 0
98 62 0
99 62 0

0 63 0
1 63 0
2 63 0
3 63 0
4 63 0
5 63 0
6 63 0
7 63 0
8 63 0
9 63 0
10 63 0
11 63 0
12 63 0
13 63 0
14 63 0
15 63 0
16 63 0
17 63 0
18 63 0
19 63 0
20 63 0
21 63 0
22 63 0
23 63 0
24 63 0
25 63 0
26 63 0
27 63 0
28 63 0
29 63 0
30 63 0
31 63 0
32 63 0
33 63 0
34 63 0
35 63 0
36 63 0
37 63 0
38 63 0
39 63 0
40 63 0
41 63 0
42 63 0
43 63 0
44 63 0
45 63 0
46 63 0
47 63 0
48 63 0
49 63 0
50 63 0
51 63 0
52 63 0
53 63 0
54 63 0
55 63 0
56 63 0
57 63 0
58 63 0
59 63 0
60 63 0
61 63 0
62 63 0
63 63 0
64 63 0
65 63 0
66 63 0
67 63 0
68 63 0
69 63 0
70 63 0
71 63 0
72 63 0
73 63 0
74 63 0
75 63 0
76 63 0
77 63 0
78 63 0
79 63 0
80 63 0
81 63 0
82 63 0
83 63 0
84 63 0
85 63 0
86 63 0
87 63 0
88 63 0
89 63 0
90 63 0
91 63 0
92 63 0
93 63 0
94 63 0
95 63 0
96 63 0
97 63 0
98 63 0
99 63 0

0 64 0
1 64 0
2 64 0
3 64 0
4 64 0
5 64 0
6 64 0
7 64 0
8 64 0
9 64 0
10 64 0
11 64 0
12 64 0
13 64 0
14 64 0
15 64 0
16 64 0
17 64 0
18 64 0
19 64 0
20 64 0
21 64 0
22 64 0
23 64 0
24 64 0
25 64 0
26 64 0
27 64 0
28 64 0
29 64 0
30 64 0
31 64 0
32 64 0
33 64 0
34 64 0
35 64 0
36 64 0
37 64 0
38 64 0
39 64 0
40 64 0
41 64 0
42 64 0
43 64 0
44 64 0
45 64 0
46 64 0
47 64 0
48 64 0
49 64 0
50 64 0
51 64 0
52 64 0
53 64 0
54 64 0
55 64 0
56 64 0
57 64 0
58 64 0
59 64 0
60 64 0
61 64 0
62 64 0
63 64 0
64 64 0
65 64 0
66 64 0
67 64 0
68 64 0
69 64 0
70 64 0
71 64 0
72 64 0
73 64 0
74 64 0
75 64 0
76 64 0
77 64 0
78 64 0
79 64 0
80 64 0
81 64 0
82 64 0
83 64 0
84 64 0
85 64 0
86 64 0
87 64 0
88 64 0
89 64 0
90 64 0
91 64 0
92 64 0
93 64 0
94 64 0
95 64 0
96 64 0
97 64 0
98 64 0
99 64 0

0 65 0
1 65 0
2 65 0
3 65 0
4 65 0
5 65 0
6 65 0
7 65 0
8 65 0
9 65 0
10 65 0
11 65 0
12 65 0
13 65 0
14 65 0
15 65 0
16 65 0
17 65 0
18 65 0
19 65 0
20 65 0
21 65 0
22 65 0
23 65 0
24 65 0
25 65 0
26 65 0
27 65 0
28 65 0
29 65 0
30 65 0
31 65 0
32 65 0
33 65 0
34 65 0
35 65 0
36 65 0
37 65 0
38 65 0
39 65 0
40 65 0
41 65 0
42 65 0
43 65 0
44 65 0
45 65 0
46 65 0
47 65 0
48 65 0
49 65 0
50 65 0
51 65 0
52 65 0
53 65 0
54 65 0
55 65 0
56 65 0
57 65 0
58 65 0
59 65 0
60 65 0
61 65 0
62 65 0
63 65 0
64 65 0
65 65 0
66 65 0
67 65 0
68 65 0
69 65 0
70 65 0
71 65 0
72 65 0
73 65 0
74 65 0
75 65 0
76 65 0
77 65 0
78 65 0
79 65 0
80 65 0
81 65 0
82 65 0
83 65 0
84 65 0
85 65 0
86 65 0
87 65 0
88 65 0
89 65 0
90 65 0
91 65 0
92 65 0
93 65 0
94 65 0
95 65 0
96 65 0
97 65 0
98 65 0
99 65 0

0 66 1e+06
1 66 1e+06
2 66 1e+06
3 66 1e+06
4 66 1e+06
5 66 1e+06
6 66 1e+06
7 66 1e+06
8 66 1e+06
9 66 1e+06
10 66 1e+06
11 66 1e+06
12 66 1e+06
13 66 1e+06
14 66 1e+06
15 66 1e+06
16 66 1e+06
17 66 1e+06
18 66 1e+06
19 66 1e+06
20 66 1e+06
21 66 1e+06
22 66 1e+06
23 66 1e+06
24 66 1e+06
25 66 1e+06
26 66 1e+06
27 66 1e+06
28 66 1e+06
29 66 1e+06
30 66 1e+06
31 66 1e+06
32 66 1e+06
33 66 1e+06
34 66 1e+06
35 66 1e+06
36 66 1e+06
37 66 1e+06
38 66 1e+06
39 66 1e+06
40 66 1e+06
41 66 1e+06
42 66 1e+06
43 66 1e+06
44 66 1e+06
45 66 1e+06
46 66 1e+06
47 66 1e+06
48 66 1e+06
49 66 1e+06
50 66 1e+06
51 66 1e+06
52 66 1e+06
53 66 1e+06
54 66 1e+06
55 66 1e+06
56 66 1e+06
57 66 1e+06
58 66 1e+06
59 66 1e+06
60 66 1e+06
61 66 1e+06
62 66 1e+06
63 66 1e+06
64 66 1e+06
65 66 1e+06
66 66 1e+06
67 66 1e+06
68 66 1e+06
69 66 1e+06
70 66 1e+06
71 66 1e+06
72 66 1e+06
73 66 1e+06
74 66 1e+06
75 66 1e+06
76 66 1e+06
77 66 1e+06
78 66 1e+06
79 66 1e+06
80 66 1e+06
81 66 1e+06
82 66 1e+06
83 66 1e+06
84 66 1e+06
85 66 1e+06
86 66 1e+06
87 66 1e+06
88 66 1e+06
89 66 1e+06
90 66 1e+06
91 66 1e+06
92 66 1e+06
93 66 1e+06
94 66 1e+06
95 66 1e+06
96 66 1e+06
97 66 1e+06
98 66 1e+06
99 66 1e+06

0 67 1e+06
1 67 1e+06
2 67 1e+06
3 67 1e+06
4 67 1e+06
5 67 1e+06
6 67 1e+06
7 67 1e+06
8 67 1e+06
9 67 1e+06
10 67 1e+06
11 67 1e+06
12 67 1e+06
13 67 1e+06
14 67 1e+06
15 67 1e+06
16 67 1e+06
17 67 1e+06
18 67 1e+06
19 67 1e+06
20 67 1e+06
21 67 1e+06
22 67 1e+06
23 67 1e+06
24 67 1e+06
25 67 1e+06
26 67 1e+06
27 67 1e+06
28 67 1e+06
29 67 1e+06
30 67 1e+06
31 67 1e+06
32 67 1e+06
33 67 1e+06
34 67 1e+06
35 67 1e+06
36 67 1e+06
37 67 1e+06
38 67 1e+06
39 67 1e+06
40 67 1e+06
41 67 1e+06
42 67 1e+06
43 67 1e+06
44 67 1e+06
45 67 1e+06
46 67 1e+06
47 67 1e+06
48 67 1e+06
49 67 1e+06
50 67 1e+06
51 67 1e+06
52 67 1e+06
53 67 1e+06
54 67 1e+06
55 67 1e+06
56 67 1e+06
57 67 1e+06
58 67 1e+06
59 67 1e+06
60 67 1e+06
61 67 1e+06
62 67 1e+06
63 67 1e+06
64 67 1e+06
65 67 1e+06
66 67 1e+06
67 67 1e+06
68 67 1e+06
69 67 1e+06
70 67 1e+06
71 67 1e+06
72 67 1e+06
73 67 1e+06
74 67 1e+06
75 67 1e+06
76 67 1e+06
77 67 1e+06
78 67 1e+06
79 67 1e+06
80 67 1e+06
81 67 1e+06
82 67 1e+06
83 67 1e+06
84 67 1e+06
85 67 1e+06
86 67 1e+06
87 67 1e+06
88 67 1e+06
89 67 1e+06
90 67 1e+06
91 67 1e+06
92 67 1e+06
93 67 1e+06
94 67 1e+06
95 67 1e+06
96 67 1e+06
97 67 1e+06
98 67 1e+06
99 67 1e+06

0 68 3e+06
1 68 3e+06
2 68 3e+06
3 68 3e+06
4 68 3e+06
5 68 3e+06
6 68 3e+06
7 68 3e+06
8 68 3e+06
9 68 3e+06
10 68 3e+06
11 68 3e+06
12 68 3e+06
13 68 3e+06
14 68 3e+06
15 68 3e+06
16 68 3e+06
17 68 3e+06
18 68 3e+06
19 68 3e+06
20 68 3e+06
21 68 3e+06
22 68 3e+06
23 68 3e+06
24 68 3e+06
25 68 3e+06
26 68 3e+06
27 68 3e+06
28 68 3e+06
29 68 3e+06
30 68 3e+06
31 68 3e+06
32 68 3e+06
33 68 3e+06
34 68 3e+06
35 68 3e+06
36 68 3e+06
37 68 3e+06
38 68 3e+06
39 68 3e+06
40 68 3e+06
41 68 3e+06
42 68 3e+06
43 68 3e+06
44 68 3e+06
45 68 3e+06
46 68 3e+06
47 68 3e+06
48 68 3e+06
49 68 3e+06
50 68 3e+06
51 68 3e+06
52 68 3e+06
53 68 3e+06
54 68 3e+06
55 68 3e+06
56 68 3e+06
57 68 3e+06
58 68 3e+06
59 68 3e+06
60 68 3e+06
61 68 3e+06
62 68 3e+06
63 68 3e+06
64 68 3e+06
65 68 3e+06
66 68 3e+06
67 68 3e+06
68 68 3e+06
69 68 3e+06
70 68 3e+06
71 68 3e+06
72 68 3e+06
73 68 3e+06
74 68 3e+06
75 68 3e+06
76 68 3e+06
77 68 3e+06
78 68 3e+06
79 68 3e+06
80 68 3e+06
81 68 3e+06
82 68 3e+06
83 68 3e+06
84 68 3e+06
85 68 3e+06
86 68 3e+06
87 68 3e+06
88 68 3e+06
89 68 3e+06
90 68 3e+06
91 68 3e+06
92 68 3e+06
93 68 3e+06
94 68 3e+06
95 68 3e+06
96 68 3e+06
97 68 3e+06
98 68 3e+06
99 68 3e+06

0 69 7e+06
1 69 7e+06
2 69 7e+06
3 69 7e+06
4 69 7e+06
5 69 7e+06
6 69 7e+06
7 69 7e+06
8 69 7e+06
9 69 7e+06
10 69 7e+06
11 69 7e+06
12 69 7e+06
13 69 7e+06
14 69 7e+06
15 69 7e+06
16 69 7e+06
17 69 7e+06
18 69 7e+06
19 69 7e+06
20 69 7e+06
21 69 7e+06
22 69 7e+06
23 69 7e+06
24 69 7e+06
25 69 7e+06
26 69 7e+06
27 69 7e+06
28 69 7e+06
29 69 7e+06
30 69 7e+06
31 69 7e+06
32 69 7e+06
33 69 7e+06
34 69 7e+06
35 69 7e+06
36 69 7e+06
37 69 7e+06
38 69 7e+06
39 69 7e+06
40 69 7e+06
41 69 7e+06
42 69 7e+06
43 69 7e+06
44 69 7e+06
45 69 7e+06
46 69 7e+06
47 69 7e+06
48 69 7e+06
49 69 7e+06
50 69 7e+06
51 69 7e+06
52 69 7e+06
53 69 7e+06
54 69 7e+06
55 69 7e+06
56 69 7e+06
57 69 7e+06
58 69 7e+06
59 69 7e+06
60 69 7e+06
61 69 7e+06
62 69 7e+06
63 69 7e+06
64 69 7e+06
65 69 7e+06
66 69 7e+06
67 69 7e+06
68 69 7e+06
69 69 7e+06
70 69 7e+06
71 69 7e+06
72 69 7e+06
73 69 7e+06
74 69 7e+06
75 69 7e+06
76 69 7e+06
77 69 7e+06
78 69 7e+06
79 69 7e+06
80 69 7e+06
81 69 7e+06
82 69 7e+06
83 69 7e+06
84 69 7e+06
85 69 7e+06
86 69 7e+06
87 69 7e+06
88 69 7e+06
89 69 7e+06
90 69 7e+06
91 69 7e+06
92 69 7e+06
93 69 7e+06
94 69 7e+06
95 69 7e+06
96 69 7e+06
97 69 7e+06
98 69 7e+06
99 69 7e+06

0 70 1.4e+07
1 70 1.4e+07
2 70 1.4e+07
3 70 1.4e+07
4 70 1.4e+07
5 70 1.4e+07
6 70 1.4e+07
7 70 1.4e+07
8 70 1.4e+07
9 70 1.4e+07
10 70 1.4e+07
11 70 1.4e+07
12 70 1.4e+07
13 70 1.4e+07
14 70 1.4e+07
15 70 1.4e+07
16 70 1.4e+07
17 70 1.4e+07
18 70 1.4e+07
19 70 1.4e+07
20 70 1.4e+07
21 70 1.4e+07
22 70 1.4e+07
23 70 1.4e+07
24 70 1.4e+07
25 70 1.4e+07
26 70 1.4e+07
27 70 1.4e+07
28 70 1.4e+07
29 70 1.4e+07
30 70 1.4e+07
31 70 1.4e+07
32 70 1.4e+07
33 70 1.4e+07
34 70 1.4e+07
35 70 1.4e+07
36 70 1.4e+07
37 70 1.4e+07
38 70 1.4e+07
39 70 1.4e+07
40 70 1.4e+07
41 70 1.4e+07
42 70 1.4e+07
43 70 1.4e+07
44 70 1.4e+07
45 70 1.4e+07
46 70 1.4e+07
47 70 1.4e+07
48 70 1.4e+07
49 70 1.4e+07
50 70 1.4e+07
51 70 1.4e+07
52 70 1.4e+07
53 70 1.4e+07
54 70 1.4e+07
55 70 1.4e+07
56 70 1.4e+07
57 70 1.4e+07
58 70 1.4e+07
59 70 1.4e+07
60 70 1.4e+07
61 70 1.4e+07
62 70 1.4e+07
63 70 1.4e+07
64 70 1.4e+07
65 70 1.4e+07
66 70 1.4e+07
67 70 1.4e+07
68 70 1.4e+07
69 70 1.4e+07
70 70 1.4e+07
71 70 1.4e+07
72 70 1.4e+07
73 70 1.4e+07
74 70 1.4e+07
75 70 1.4e+07
76 70 1.4e+07
77 70 1.4e+07
78 70 1.4e+07
79 70 1.4e+07
80 70 1.4e+07
81 70 1.4e+07
82 70 1.4e+07
83 70 1.4e+07
84 70 1.4e+07
85 70 1.4e+07
86 70 1.4e+07
87 70 1.4e+07
88 70 1.4e+07
89 70 1.4e+07
90 70 1.4e+07
91 70 1.4e+07
92 70 1.4e+07
93 70 1.4e+07
94 70 1.4e+07
95 70 1.4e+07
96 70 1.4e+07
97 70 1.4e+07
98 70 1.4e+07
99 70 1.4e+07

0 71 2.5e+07
1 71 2.5e+07
2 71 2.5e+07
3 71 2.5e+07
4 71 2.5e+07
5 71 2.5e+07
6 71 2.5e+07
7 71 2.5e+07
8 71 2.5e+07
9 71 2.5e+07
10 71 2.5e+07
11 71 2.5e+07
12 71 2.5e+07
13 71 2.5e+07
14 71 2.5e+07
15 71 2.5e+07
16 71 2.5e+07
17 71 2.5e+07
18 71 2.5e+07
19 71 2.5e+07
20 71 2.5e+07
21 71 2.5e+07
22 71 2.5e+07
23 71 2.5e+07
24 71 2.5e+07
25 71 2.5e+07
26 71 2.5e+07
27 71 2.5e+07
28 71 2.5e+07
29 71 2.5e+07
30 71 2.5e+07
31 71 2.5e+07
32 71 2.5e+07
33 71 2.5e+07
34 71 2.5e+07
35 71 2.5e+07
36 71 2.5e+07
37 71 2.5e+07
38 71 2.5e+07
39 71 2.5e+07
40 71 2.5e+07
41 71 2.5e+07
42 71 2.5e+07
43 71 2.5e+07
44 71 2.5e+07
45 71 2.5e+07
46 71 2.5e+07
47 71 2.5e+07
48 71 2.5e+07
49 71 2.5e+07
50 71 2.5e+07
51 71 2.5e+07
52 71 2.5e+07
53 71 2.5e+07
54 71 2.5e+07
55 71 2.5e+07
56 71 2.5e+07
57 71 2.5e+07
58 71 2.5e+07
59 71 2.5e+07
60 71 2.5e+07
61 71 2.5e+07
62 71 2.5e+07
63 71 2.5e+07
64 71 2.5e+07
65 71 2.5e+07
66 71 2.5e+07
67 71 2.5e+07
68 71 2.5e+07
69 71 2.5e+07
70 71 2.5e+07
71 71 2.5e+07
72 71 2.5e+07
73 71 2.5e+07
74 71 2.5e+07
75 71 2.5e+07
76 71 2.5e+07
77 71 2.5e+07
78 71 2.5e+07
79 71 2.5e+07
80 71 2.5e+07
81 71 2.5e+07
82 71 2.5e+07
83 71 2.5e+07
84 71 2.5e+07
85 71 2.5e+07
86 71 2.5e+07
87 71 2.5e+07
88 71 2.5e+07
89 71 2.5e+07
90 71 2.5e+07
91 71 2.5e+07
92 71 2.5e+07
93 71 2.5e+07
94 71 2.5e+07
95 71 2.5e+07
96 71 2.5e+07
97 71 2.5e+07
98 71 2.5e+07
99 71 2.5e+07

0 72 4.10006e+07
1 72 4.10006e+07
2 72 4.10006e+07
3 72 4.10006e+07
4 72 4.10006e+07
5 72 4.10006e+07
6 72 4.10006e+07
7 72 4.10006e+07
8 72 4.10006e+07
9 72 4.10006e+07
10 72 4.10006e+07
11 72 4.10006e+07
12 72 4.10006e+07
13 72 4.10006e+07
14 72 4.10006e+07
15 72 4.10006e+07
16 72 4.10006e+07
17 72 4.10006e+07
18 72 4.10006e+07
19 72 4.10006e+07
20 72 4.10006e+07
21 72 4.10006e+07
22 72 4.10006e+07
23 72 4.10006e+07
24 72 4.10006e+07
25 72 4.10006e+07
26 72 4.10006e+07
27 72 4.10006e+07
28 72 4.10006e+07
29 72 4.10006e+07
30 72 4.10006e+07
31 72 4.10006e+07
32 72 4.10006e+07
33 72 4.10006e+07
34 72 4.10006e+07
35 72 4.10006e+07
36 72 4.10006e+07
37 72 4.10006e+07
38 72 4.10006e+07
39 72 4.10006e+07
40 72 4.10006e+07
41 72 4.10006e+07
42 72 4.10006e+07
43 72 4.10006e+07
44 72 4.10006e+07
45 72 4.10006e+07
46 72 4.10006e+07
47 72 4.10006e+07
48 72 4.10006e+07
49 72 4.10006e+07
50 72 4.10006e+07
51 72 4.10006e+07
52 72 4.10006e+07
53 72 4.10006e+07
54 72 4.10006e+07
55 72 4.10006e+07
56 72 4.10006e+07
57 72 4.10006e+07
58 72 4.10005e+07
59 72 4.10005e+07
60 72 4.10005e+07
61 72 4.10005e+07
62 72 4.10005e+07
63 72 4.10005e+07
64 72 4.10005e+07
65 72 4.10005e+07
66 72 4.10005e+07
67 72 4.10005e+07
68 72 4.10005e+07
69 72 4.10005e+07
70 72 4.10005e+07
71 72 4.10005e+07
72 72 4.10005e+07
73 72 4.10005e+07
74 72 4.10005e+07
75 72 4.10005e+07
76 72 4.10005e+07
77 72 4.10005e+07
78 72 4.10005e+07
79 72 4.10005e+07
80 72 4.10005e+07
81 72 4.10005e+07
82 72 4.10005e+07
83 72 4.10005e+07
84 72 4.10005e+07
85 72 4.10005e+07
86 72 4.10005e+07
87 72 4.10005e+07
88 72 4.10005e+07
89 72 4.10005e+07
90 72 4.10004e+07
91 72 4.10004e+07
92 72 4.10004e+07
93 72 4.10004e+07
94 72 4.10004e+07
95 72 4.10004e+07
96 72 4.10004e+07
97 72 4.10004e+07
98 72 4.10004e+07
99 72 4.10004e+07

0 73 6.30839e+07
1 73 6.3084e+07
2 73 6.30841e+07
3 73 6.30842e+07
4 73 6.30843e+07
5 73 6.30843e+07
6 73 6.30844e+07
7 73 6.30844e+07
8 73 6.30845e+07
9 73 6.30845e+07
10 73 6.30845e+07
11 73 6.30845e+07
12 73 6.30845e+07
13 73 6.30845e+07
14 73 6.30845e+07
15 73 6.30845e+07
16 73 6.30845e+07
17 73 6.30844e+07
18 73 6.30844e+07
19 73 6.30843e+07
20 73 6.30843e+07
21 73 6.30842e+07
22 73 6.30841e+07
23 73 6.3084e+07
24 73 6.30839e+07
25 73 6.30838e+07
26 73 6.30837e+07
27 73 6.30836e+07
28 73 6.30834e+07
29 73 6.30833e+07
30 73 6.30831e+07
31 73 6.3083e+07
32 73 6.30828e+07
33 73 6.30826e+07
34 73 6.30825e+07
35 73 6.30823e+07
36 73 6.30821e+07
37 73 6.30819e+07
38 73 6.30817e+07
39 73 6.30814e+07
40 73 6.30812e+07
41 73 6.3081e+07
42 73 6.30807e+07
43 73 6.30805e+07
44 73 6.30802e+07
45 73 6.308e+07
46 73 6.30797e+07
47 73 6.30794e+07
48 73 6.30791e+07
49 73 6.30788e+07
50 73 6.30785e+07
51 73 6.30782e+07
52 73 6.30779e+07
53 73 6.30776e+07
54 73 6.30772e+07
55 73 6.30769e+07
56 73 6.30766e+07
57 73 6.30762e+07
58 73 6.30759e+07
59 73 6.30755e+07
60 73 6.30751e+07
61 73 6.30748e+07
62 73 6.30744e+07
63 73 6.3074e+07
64 73 6.30736e+07
65 73 6.30732e+07
66 73 6.30728e+07
67 73 6.30724e+07
68 73 6.3072e+07
69 73 6.30716e+07
70 73 6.30712e+07
71 73 6.30707e+07
72 73 6.30703e+07
73 73 6.30699e+07
74 73 6.30694e+07
75 73 6.3069e+07
76 73 6.30685e+07
77 73 6.30681e+07
78 73 6.30676e+07
79 73 6.30672e+07
80 73 6.30667e+07
81 73 6.30662e+07
82 73 6.30658e+07
83 73 6.30653e+07
84 73 6.30648e+07
85 73 6.30643e+07
86 73 6.30639e+07
87 73 6.30634e+07
88 73 6.30629e+07
89 73 6.30624e+07
90 73 6.30619e+07
91 73 6.30614e+07
92 73 6.30609e+07
93 73 6.30604e+07
94 73 6.30599e+07
95 73 6.30594e+07
96 73 6.30589e+07
97 73 6.30584e+07
98 73 6.30579e+07
99 73 6.30574e+07

0 74 9.5014e+07
1 74 9.50187e+07
2 74 9.5023e+07
3 74 9.50269e+07
4 74 9.50304e+07
5 74 9.50335e+07
6 74 9.50362e+07
7 74 9.50385e+07
8 74 9.50404e+07
9 74 9.50418e+07
10 74 9.50428e+07
11 74 9.50435e+07
12 74 9.50437e+07
13 74 9.50435e+07
14 74 9.50428e+07
15 74 9.50418e+07
16 74 9.50404e+07
17 74 9.50385e+07
18 74 9.50362e+07
19 74 9.50335e+07
20 74 9.50304e+07
21 74 9.50269e+07
22 74 9.5023e+07
23 74 9.50187e+07
24 74 9.5014e+07
25 74 9.50088e+07
26 74 9.50033e+07
27 74 9.49973e+07
28 74 9.4991e+07
29 74 9.49843e+07
30 74 9.49771e+07
31 74 9.49696e+07
32 74 9.49617e+07
33 74 9.49534e+07
34 74 9.49447e+07
35 74 9.49356e+07
36 74 9.49261e+07
37 74 9.49163e+07
38 74 9.49061e+07
39 74 9.48955e+07
40 74 9.48845e+07
41 74 9.48732e+07
42 74 9.48615e+07
43 74 9.48495e+07
44 74 9.48371e+07
45 74 9.48243e+07
46 74 9.48112e+07
47 74 9.47978e+07
48 74 9.4784e+07
49 74 9.47699e+07
50 74 9.47554e+07
51 74 9.47406e+07
52 74 9.47255e+07
53 74 9.47101e+07
54 74 9.46944e+07
55 74 9.46783e+07
56 74 9.4662e+07
57 74 9.46453e+07
58 74 9.46284e+07
59 74 9.46111e+07
60 74 9.45936e+07
61 74 9.45758e+07
62 74 9.45577e+07
63 74 9.45393e+07
64 74 9.45207e+07
65 74 9.45018e+07
66 74 9.44827e+07
67 74 9.44633e+07
68 74 9.44437e+07
69 74 9.44238e+07
70 74 9.44037e+07
71 74 9.43834e+07
72 74 9.43628e+07
73 74 9.4342e+07
74 74 9.4321e+07
75 74 9.42999e+07
76 74 9.42785e+07
77 74 9.42569e+07
78 74 9.42351e+07
79 74 9.42131e+07
80 74 9.4191e+07
81 74 9.41687e+07
82 74 9.41462e+07
83 74 9.41236e+07
84 74 9.41008e+07
85 74 9.40778e+07
86 74 9.40547e+07
87 74 9.40315e+07
88 74 9.40082e+07
89 74 9.39847e+07
90 74 9.39611e+07
91 74 9.39374e+07
92 74 9.39135e+07
93 74 9.38896e+07
94 74 9.38656e+07
95 74 9.38415e+07
96 74 9.38173e+07
97 74 9.3793e+07
98 74 9.37686e+07
99 74 9.37442e+07

0 75 1.9217e+08
1 75 1.9225e+08
2 75 1.92322e+08
3 75 1.92388e+08
4 75 1.92446e+08
5 75 1.92498e+08
6 75 1.92543e+08
7 75 1.92581e+08
8 75 1.92612e+08
9 75 1.92636e+08
10 75 1.92654e+08
11 75 1.92664e+08
12 75 1.92668e+08
13 75 1.92664e+08
14 75 1.92654e+08
15 75 1.92636e+08
16 75 1.92612e+08
17 75 1.92581e+08
18 75 1.92543e+08
19 75 1.92498e+08
20 75 1.92446e+08
21 75 1.92388e+08
22 75 1.92322e+08
23 75 1.9225e+08
24 75 1.9217e+08
25 75 1.92084e+08
26 75 1.91992e+08
27 75 1.91892e+08
28 75 1.91786e+08
29 75 1.91673e+08
30 75 1.91554e+08
31 75 1.91428e+08
32 75 1.91295e+08
33 75 1.91156e+08
34 75 1.91011e+08
35 75 1.90859e+08
36 75 1.90701e+08
37 75 1.90536e+08
38 75 1.90365e+08
39 75 1.90188e+08
40 75 1.90004e+08
41 75 1.89815e+08
42 75 1.89619e+08
43 75 1.89418e+08
44 75 1.8921e+08
45 75 1.88997e+08
46 75 1.88778e+08
47 75 1.88553e+08
48 75 1.88322e+08
49 75 1.88086e+08
50 75 1.87844e+08
51 75 1.87596e+08
52 75 1.87344e+08
53 75 1.87086e+08
54 75 1.86822e+08
55 75 1.86554e+08
56 75 1.8628e+08
57 75 1.86001e+08
58 75 1.85718e+08
59 75 1.85429e+08
60 75 1.85136e+08
61 75 1.84838e+08
62 75 1.84535e+08
63 75 1.84228e+08
64 75 1.83916e+08
65 75 1.836e+08
66 75 1.8328e+08
67 75 1.82956e+08
68 75 1.82627e+08
69 75 1.82295e+08
70 75 1.81958e+08
71 75 1.81618e+08
72 75 1.81274e+08
73 75 1.80926e+08
74 75 1.80575e+08
75 75 1.8022e+08
76 75 1.79862e+08
77 75 1.79501e+08
78 75 1.79137e+08
79 75 1.78769e+08
80 75 1.78399e+08
81 75 1.78025e+08
82 75 1.77649e+08
83 75 1.7727e+08
84 75 1.76889e+08
85 75 1.76505e+08
86 75 1.76119e+08
87 75 1.7573e+08
88 75 1.75339e+08
89 75 1.74946e+08
90 75 1.74551e+08
91 75 1.74155e+08
92 75 1.73756e+08
93 75 1.73355e+08
94 75 1.72953e+08
95 75 1.7255e+08
96 75 1.72145e+08
97 75 1.71739e+08
98 75 1.71331e+08
99 75 1.70922e+08

0 76 5.55552e+08
1 76 5.56015e+08
2 76 5.56438e+08
3 76 5.56821e+08
4 76 5.57164e+08
5 76 5.57467e+08
6 76 5.5773e+08
7 76 5.57952e+08
8 76 5.58134e+08
9 76 5.58276e+08
10 76 5.58377e+08
11 76 5.58438e+08
12 76 5.58458e+08
13 76 5.58438e+08
14 76 5.58377e+08
15 76 5.58276e+08
16 76 5.58134e+08
17 76 5.57952e+08
18 76 5.5773e+08
19 76 5.57467e+08
20 76 5.57164e+08
21 76 5.56821e+08
22 76 5.56438e+08
23 76 5.56015e+08
24 76 5.55552e+08
25 76 5.5505e+08
26 76 5.54508e+08
27 76 5.53927e+08
28 76 5.53307e+08
29 76 5.52648e+08
30 76 5.5195e+08
31 76 5.51214e+08
32 76 5.50439e+08
33 76 5.49626e+08
34 76 5.48776e+08
35 76 5.47888e+08
36 76 5.46962e+08
37 76 5.46e+08
38 76 5.45001e+08
39 76 5.43965e+08
40 76 5.42894e+08
41 76 5.41786e+08
42 76 5.40643e+08
43 76 5.39465e+08
44 76 5.38253e+08
45 76 5.37005e+08
46 76 5.35724e+08
47 76 5.34409e+08
48 76 5.33061e+08
49 76 5.3168e+08
50 76 5.30267e+08
51 76 5.28821e+08
52 76 5.27344e+08
53 76 5.25836e+08
54 76 5.24297e+08
55 76 5.22727e+08
56 76 5.21128e+08
57 76 5.19499e+08
58 76 5.17842e+08
59 76 5.16155e+08
60 76 5.14441e+08
61 76 5.127e+08
62 76 5.10931e+08
63 76 5.09136e+08
64 76 5.07315e+08
65 76 5.05468e+08
66 76 5.03596e+08
67 76 5.017e+08
68 76 4.9978e+08
69 76 4.97837e+08
70 76 4.95871e+08
71 76 4.93882e+08
72 76 4.91871e+08
73 76 4.8984e+08
74 76 4.87787e+08
75 76 4.85714e+08
76 76 4.83622e+08
77 76 4.81511e+08
78 76 4.79381e+08
79 76 4.77233e+08
80 76 4.75068e+08
81 76 4.72886e+08
82 76 4.70688e+08
83 76 4.68474e+08
84 76 4.66245e+08
85 76 4.64001e+08
86 76 4.61743e+08
87 76 4.59472e+08
88 76 4.57188e+08
89 76 4.54892e+08
90 76 4.52584e+08
91 76 4.50265e+08
92 76 4.47935e+08
93 76 4.45595e+08
94 76 4.43246e+08
95 76 4.40888e+08
96 76 4.38521e+08
97 76 4.36146e+08
98 76 4.33765e+08
99 76 4.31376e+08

0 77 1.00406e+09
1 77 1.00501e+09
2 77 1.00587e+09
3 77 1.00665e+09
4 77 1.00736e+09
5 77 1.00797e+09
6 77 1.00851e+09
7 77 1.00897e+09
8 77 1.00934e+09
9 77 1.00963e+09
10 77 1.00983e+09
11 77 1.00996e+09
12 77 1.01e+09
13 77 1.00996e+09
14 77 1.00983e+09
15 77 1.00963e+09
16 77 1.00934e+09
17 77 1.00897e+09
18 77 1.00851e+09
19 77 1.00797e+09
20 77 1.00736e+09
21 77 1.00665e+09
22 77 1.00587e+09
23 77 1.00501e+09
24 77 1.00406e+09
25 77 1.00304e+09
26 77 1.00193e+09
27 77 1.00074e+09
28 77 9.99475e+08
29 77 9.98129e+08
30 77 9.96703e+08
31 77 9.95198e+08
32 77 9.93615e+08
33 77 9.91955e+08
34 77 9.90217e+08
35 77 9.88402e+08
36 77 9.86512e+08
37 77 9.84545e+08
38 77 9.82504e+08
39 77 9.80388e+08
40 77 9.78199e+08
41 77 9.75936e+08
42 77 9.73601e+08
43 77 9.71194e+08
44 77 9.68716e+08
45 77 9.66168e+08
46 77 9.6355e+08
47 77 9.60864e+08
48 77 9.58109e+08
49 77 9.55288e+08
50 77 9.524e+08
51 77 9.49446e+08
52 77 9.46428e+08
53 77 9.43346e+08
54 77 9.40202e+08
55 77 9.36995e+08
56 77 9.33727e+08
57 77 9.30399e+08
58 77 9.27012e+08
59 77 9.23567e+08
60 77 9.20065e+08
61 77 9.16507e+08
62 77 9.12893e+08
63 77 9.09225e+08
64 77 9.05504e+08
65 77 9.01731e+08
66 77 8.97907e+08
67 77 8.94033e+08
68 77 8.9011e+08
69 77 8.86139e+08
70 77 8.82121e+08
71 77 8.78058e+08
72 77 8.7395e+08
73 77 8.69799e+08
74 77 8.65605e+08
75 77 8.6137e+08
76 77 8.57095e+08
77 77 8.52782e+08
78 77 8.4843e+08
79 77 8.44042e+08
80 77 8.39618e+08
81 77 8.35159e+08
82 77 8.30668e+08
83 77 8.26144e+08
84 77 8.2159e+08
85 77 8.17006e+08
86 77 8.12393e+08
87 77 8.07753e+08
88 77 8.03086e+08
89 77 7.98394e+08
90 77 7.93678e+08
91 77 7.8894e+08
92 77 7.8418e+08
93 77 7.79399e+08
94 77 7.74599e+08
95 77 7.6978e+08
96 77 7.64945e+08
97 77 7.60093e+08
98 77 7.55227e+08
99 77 7.50347e+08

0 78 8.21399e+08
1 78 8.22083e+08
2 78 8.22709e+08
3 78 8.23275e+08
4 78 8.23782e+08
5 78 8.2423e+08
6 78 8.24618e+08
7 78 8.24947e+08
8 78 8.25217e+08
9 78 8.25426e+08
10 78 8.25576e+08
11 78 8.25666e+08
12 78 8.25696e+08
13 78 8.25666e+08
14 78 8.25576e+08
15 78 8.25426e+08
16 78 8.25217e+08
17 78 8.24947e+08
18 78 8.24618e+08
19 78 8.2423e+08
20 78 8.23782e+08
21 78 8.23275e+08
22 78 8.22709e+08
23 78 8.22083e+08
24 78 8.21399e+08
25 78 8.20657e+08
26 78 8.19856e+08
27 78 8.18996e+08
28 78 8.18079e+08
29 78 8.17105e+08
30 78 8.16073e+08
31 78 8.14984e+08
32 78 8.13839e+08
33 78 8.12637e+08
34 78 8.1138e+08
35 78 8.10067e+08
36 78 8.08699e+08
37 78 8.07276e+08
38 78 8.05799e+08
39 78 8.04268e+08
40 78 8.02683e+08
41 78 8.01046e+08
42 78 7.99356e+08
43 78 7.97614e+08
44 78 7.95821e+08
45 78 7.93977e+08
46 78 7.92083e+08
47 78 7.90139e+08
48 78 7.88146e+08
49 78 7.86104e+08
50 78 7.84014e+08
51 78 7.81877e+08
52 78 7.79693e+08
53 78 7.77463e+08
54 78 7.75187e+08
55 78 7.72867e+08
56 78 7.70502e+08
57 78 7.68094e+08
58 78 7.65643e+08
59 78 7.6315e+08
60 78 7.60616e+08
61 78 7.58041e+08
62 78 7.55426e+08
63 78 7.52771e+08
64 78 7.50079e+08
65 78 7.47349e+08
66 78 7.44581e+08
67 78 7.41778e+08
68 78 7.38939e+08
69 78 7.36066e+08
70 78 7.33158e+08
71 78 7.30218e+08
72 78 7.27245e+08
73 78 7.24241e+08
74 78 7.21207e+08
75 78 7.18142e+08
76 78 7.15049e+08
77 78 7.11927e+08
78 78 7.08778e+08
79 78 7.05603e+08
80 78 7.02401e+08
81 78 6.99175e+08
82 78 6.95925e+08
83 78 6.92652e+08
84 78 6.89356e+08
85 78 6.86038e+08
86 78 6.827e+08
87 78 6.79343e+08
88 78 6.75966e+08
89 78 6.72571e+08
90 78 6.69158e+08
91 78 6.65729e+08
92 78 6.62284e+08
93 78 6.58825e+08
94 78 6.55351e+08
95 78 6.51865e+08
96 78 6.48365e+08
97 78 6.44855e+08
98 78 6.41333e+08
99 78 6.37802e+08

0 79 4.2585e+08
1 79 4.26025e+08
2 79 4.26185e+08
3 79 4.26331e+08
4 79 4.26461e+08
5 79 4.26576e+08
6 79 4.26675e+08
7 79 4.2676e+08
8 79 4.26829e+08
9 79 4.26882e+08
10 79 4.26921e+08
11 79 4.26944e+08
12 79 4.26951e+08
13 79 4.26944e+08
14 79 4.26921e+08
15 79 4.26882e+08
16 79 4.26829e+08
17 79 4.2676e+08
18 79 4.26675e+08
19 79 4.26576e+08
20 79 4.26461e+08
21 79 4.26331e+08
22 79 4.26185e+08
23 79 4.26025e+08
24 79 4.2585e+08
25 79 4.25659e+08
26 79 4.25454e+08
27 79 4.25233e+08
28 79 4.24998e+08
29 79 4.24748e+08
30 79 4.24484e+08
31 79 4.24205e+08
32 79 4.23911e+08
33 79 4.23603e+08
34 79 4.2328e+08
35 79 4.22943e+08
36 79 4.22592e+08
37 79 4.22228e+08
38 79 4.21849e+08
39 79 4.21456e+08
40 79 4.2105e+08
41 79 4.2063e+08
42 79 4.20196e+08
43 79 4.1975e+08
44 79 4.1929e+08
45 79 4.18817e+08
46 79 4.18331e+08
47 79 4.17833e+08
48 79 4.17321e+08
49 79 4.16798e+08
50 79 4.16262e+08
51 79 4.15714e+08
52 79 4.15154e+08
53 79 4.14582e+08
54 79 4.13998e+08
55 79 4.13403e+08
56 79 4.12797e+08
57 79 4.12179e+08
58 79 4.1155e+08
59 79 4.10911e+08
60 79 4.10261e+08
61 79 4.09601e+08
62 79 4.0893e+08
63 79 4.08249e+08
64 79 4.07559e+08
65 79 4.06859e+08
66 79 4.06149e+08
67 79 4.0543e+08
68 79 4.04702e+08
69 79 4.03965e+08
70 79 4.03219e+08
71 79 4.02465e+08
72 79 4.01703e+08
73 79 4.00932e+08
74 79 4.00154e+08
75 79 3.99368e+08
76 79 3.98575e+08
77 79 3.97774e+08
78 79 3.96967e+08
79 79 3.96152e+08
80 79 3.95331e+08
81 79 3.94504e+08
82 79 3.9367e+08
83 79 3.92831e+08
84 79 3.91986e+08
85 79 3.91135e+08
86 79 3.90279e+08
87 79 3.89418e+08
88 79 3.88552e+08
89 79 3.87681e+08
90 79 3.86806e+08
91 79 3.85926e+08
92 79 3.85043e+08
93 79 3.84156e+08
94 79 3.83265e+08
95 79 3.82371e+08
96 79 3.81473e+08
97 79 3.80573e+08
98 79 3.7967e+08
99 79 3.78764e+08

0 80 3.23674e+08
1 80 3.2369e+08
2 80 3.23705e+08
3 80 3.23718e+08
4 80 3.2373e+08
5 80 3.23741e+08
6 80 3.2375e+08
7 80 3.23758e+08
8 80 3.23764e+08
9 80 3.23769e+08
10 80 3.23772e+08
11 80 3.23774e+08
12 80 3.23775e+08
13 80 3.23774e+08
14 80 3.23772e+08
15 80 3.23769e+08
16 80 3.23764e+08
17 80 3.23758e+08
18 80 3.2375e+08
19 80 3.23741e+08
20 80 3.2373e+08
21 80 3.23718e+08
22 80 3.23705e+08
23 80 3.2369e+08
24 80 3.23674e+08
25 80 3.23656e+08
26 80 3.23638e+08
27 80 3.23617e+08
28 80 3.23596e+08
29 80 3.23573e+08
30 80 3.23548e+08
31 80 3.23523e+08
32 80 3.23496e+08
33 80 3.23468e+08
34 80 3.23438e+08
35 80 3.23407e+08
36 80 3.23375e+08
37 80 3.23341e+08
38 80 3.23306e+08
39 80 3.2327e+08
40 80 3.23233e+08
41 80 3.23194e+08
42 80 3.23155e+08
43 80 3.23114e+08
44 80 3.23071e+08
45 80 3.23028e+08
46 80 3.22983e+08
47 80 3.22937e+08
48 80 3.2289e+08
49 80 3.22842e+08
50 80 3.22793e+08
51 80 3.22743e+08
52 80 3.22691e+08
53 80 3.22639e+08
54 80 3.22585e+08
55 80 3.22531e+08
56 80 3.22475e+08
57 80 3.22418e+08
58 80 3.2236e+08
59 80 3.22302e+08
60 80 3.22242e+08
61 80 3.22181e+08
62 80 3.2212e+08
63 80 3.22057e+08
64 80 3.21994e+08
65 80 3.21929e+08
66 80 3.21864e+08
67 80 3.21798e+08
68 80 3.21731e+08
69 80 3.21664e+08
70 80 3.21595e+08
71 80 3.21526e+08
72 80 3.21456e+08
73 80 3.21385e+08
74 80 3.21313e+08
75 80 3.21241e+08
76 80 3.21168e+08
77 80 3.21095e+08
78 80 3.21021e+08
79 80 3.20946e+08
80 80 3.2087e+08
81 80 3.20794e+08
82 80 3.20718e+08
83 80 3.20641e+08
84 80 3.20563e+08
85 80 3.20485e+08
86 80 3.20406e+08
87 80 3.20327e+08
88 80 3.20248e+08
89 80 3.20168e+08
90 80 3.20087e+08
91 80 3.20006e+08
92 80 3.19925e+08
93 80 3.19844e+08
94 80 3.19762e+08
95 80 3.1968e+08
96 80 3.19597e+08
97 80 3.19515e+08
98 80 3.19432e+08
99 80 3.19348e+08

0 81 3.3845e+08
1 81 3.38451e+08
2 81 3.38451e+08
3 81 3.38452e+08
4 81 3.38452e+08
5 81 3.38452e+08
6 81 3.38453e+08
7 81 3.38453e+08
8 81 3.38453e+08
9 81 3.38453e+08
10 81 3.38453e+08
11 81 3.38454e+08
12 81 3.38454e+08
13 81 3.38454e+08
14 81 3.38453e+08
15 81 3.38453e+08
16 81 3.38453e+08
17 81 3.38453e+08
18 81 3.38453e+08
19 81 3.38452e+08
20 81 3.38452e+08
21 81 3.38452e+08
22 81 3.38451e+08
23 81 3.38451e+08
24 81 3.3845e+08
25 81 3.3845e+08
26 81 3.38449e+08
27 81 3.38448e+08
28 81 3.38448e+08
29 81 3.38447e+08
30 81 3.38446e+08
31 81 3.38445e+08
32 81 3.38444e+08
33 81 3.38443e+08
34 81 3.38442e+08
35 81 3.38441e+08
36 81 3.3844e+08
37 81 3.38439e+08
38 81 3.38438e+08
39 81 3.38437e+08
40 81 3.38436e+08
41 81 3.38434e+08
42 81 3.38433e+08
43 81 3.38432e+08
44 81 3.3843e+08
45 81 3.38429e+08
46 81 3.38427e+08
47 81 3.38426e+08
48 81 3.38424e+08
49 81 3.38423e+08
50 81 3.38421e+08
51 81 3.3842e+08
52 81 3.38418e+08
53 81 3.38416e+08
54 81 3.38414e+08
55 81 3.38413e+08
56 81 3.38411e+08
57 81 3.38409e+08
58 81 3.38407e+08
59 81 3.38405e+08
60 81 3.38403e+08
61 81 3.38401e+08
62 81 3.38399e+08
63 81 3.38397e+08
64 81 3.38395e+08
65 81 3.38393e+08
66 81 3.38391e+08
67 81 3.38388e+08
68 81 3.38386e+08
69 81 3.38384e+08
70 81 3.38382e+08
71 81 3.38379e+08
72 81 3.38377e+08
73 81 3.38375e+08
74 81 3.38372e+08
75 81 3.3837e+08
76 81 3.38368e+08
77 81 3.38365e+08
78 81 3.38363e+08
79 81 3.3836e+08
80 81 3.38358e+08
81 81 3.38355e+08
82 81 3.38353e+08
83 81 3.3835e+08
84 81 3.38348e+08
85 81 3.38345e+08
86 81 3.38343e+08
87 81 3.3834e+08
88 81 3.38337e+08
89 81 3.38335e+08
90 81 3.38332e+08
91 81 3.38329e+08
92 81 3.38327e+08
93 81 3.38324e+08
94 81 3.38321e+08
95 81 3.38319e+08
96 81 3.38316e+08
97 81 3.38313e+08
98 81 3.38311e+08
99 81 3.38308e+08

0 82 3.62005e+08
1 82 3.62005e+08
2 82 3.62005e+08
3 82 3.62005e+08
4 82 3.62005e+08
5 82 3.62005e+08
6 82 3.62005e+08
7 82 3.62005e+08
8 82 3.62005e+08
9 82 3.62005e+08
10 82 3.62005e+08
11 82 3.62005e+08
12 82 3.62005e+08
13 82 3.62005e+08
14 82 3.62005e+08
15 82 3.62005e+08
16 82 3.62005e+08
17 82 3.62005e+08
18 82 3.62005e+08
19 82 3.62005e+08
20 82 3.62005e+08
21 82 3.62005e+08
22 82 3.62005e+08
23 82 3.62005e+08
24 82 3.62005e+08
25 82 3.62005e+08
26 82 3.62005e+08
27 82 3.62005e+08
28 82 3.62005e+08
29 82 3.62005e+08
30 82 3.62005e+08
31 82 3.62005e+08
32 82 3.62005e+08
33 82 3.62005e+08
34 82 3.62005e+08
35 82 3.62005e+08
36 82 3.62005e+08
37 82 3.62005e+08
38 82 3.62005e+08
39 82 3.62005e+08
40 82 3.62005e+08
41 82 3.62005e+08
42 82 3.62005e+08
43 82 3.62005e+08
44 82 3.62005e+08
45 82 3.62005e+08
46 82 3.62005e+08
47 82 3.62005e+08
48 82 3.62005e+08
49 82 3.62005e+08
50 82 3.62005e+08
51 82 3.62005e+08
52 82 3.62005e+08
53 82 3.62005e+08
54 82 3.62005e+08
55 82 3.62005e+08
56 82 3.62005e+08
57 82 3.62005e+08
58 82 3.62005e+08
59 82 3.62005e+08
60 82 3.62005e+08
61 82 3.62005e+08
62 82 3.62005e+08
63 82 3.62005e+08
64 82 3.62005e+08
65 82 3.62005e+08
66 82 3.62005e+08
67 82 3.62005e+08
68 82 3.62005e+08
69 82 3.62005e+08
70 82 3.62005e+08
71 82 3.62005e+08
72 82 3.62004e+08
73 82 3.62004e+08
74 82 3.62004e+08
75 82 3.62004e+08
76 82 3.62004e+08
77 82 3.62004e+08
78 82 3.62004e+08
79 82 3.62004e+08
80 82 3.62004e+08
81 82 3.62004e+08
82 82 3.62004e+08
83 82 3.62004e+08
84 82 3.62004e+08
85 82 3.62004e+08
86 82 3.62004e+08
87 82 3.62004e+08
88 82 3.62004e+08
89 82 3.62004e+08
90 82 3.62004e+08
91 82 3.62004e+08
92 82 3.62004e+08
93 82 3.62004e+08
94 82 3.62004e+08
95 82 3.62004e+08
96 82 3.62004e+08
97 82 3.62004e+08
98 82 3.62004e+08
99 82 3.62004e+08

0 83 3.82e+08
1 83 3.82e+08
2 83 3.82e+08
3 83 3.82e+08
4 83 3.82e+08
5 83 3.82e+08
6 83 3.82e+08
7 83 3.82e+08
8 83 3.82e+08
9 83 3.82e+08
10 83 3.82e+08
11 83 3.82e+08
12 83 3.82e+08
13 83 3.82e+08
14 83 3.82e+08
15 83 3.82e+08
16 83 3.82e+08
17 83 3.82e+08
18 83 3.82e+08
19 83 3.82e+08
20 83 3.82e+08
21 83 3.82e+08
22 83 3.82e+08
23 83 3.82e+08
24 83 3.82e+08
25 83 3.82e+08
26 83 3.82e+08
27 83 3.82e+08
28 83 3.82e+08
29 83 3.82e+08
30 83 3.82e+08
31 83 3.82e+08
32 83 3.82e+08
33 83 3.82e+08
34 83 3.82e+08
35 83 3.82e+08
36 83 3.82e+08
37 83 3.82e+08
38 83 3.82e+08
39 83 3.82e+08
40 83 3.82e+08
41 83 3.82e+08
42 83 3.82e+08
43 83 3.82e+08
44 83 3.82e+08
45 83 3.82e+08
46 83 3.82e+08
47 83 3.82e+08
48 83 3.82e+08
49 83 3.82e+08
50 83 3.82e+08
51 83 3.82e+08
52 83 3.82e+08
53 83 3.82e+08
54 83 3.82e+08
55 83 3.82e+08
56 83 3.82e+08
57 83 3.82e+08
58 83 3.82e+08
59 83 3.82e+08
60 83 3.82e+08
61 83 3.82e+08
62 83 3.82e+08
63 83 3.82e+08
64 83 3.82e+08
65 83 3.82e+08
66 83 3.82e+08
67 83 3.82e+08
68 83 3.82e+08
69 83 3.82e+08
70 83 3.82e+08
71 83 3.82e+08
72 83 3.82e+08
73 83 3.82e+08
74 83 3.82e+08
75 83 3.82e+08
76 83 3.82e+08
77 83 3.82e+08
78 83 3.82e+08
79 83 3.82e+08
80 83 3.82e+08
81 83 3.82e+08
82 83 3.82e+08
83 83 3.82e+08
84 83 3.82e+08
85 83 3.82e+08
86 83 3.82e+08
87 83 3.82e+08
88 83 3.82e+08
89 83 3.82e+08
90 83 3.82e+08
91 83 3.82e+08
92 83 3.82e+08
93 83 3.82e+08
94 83 3.82e+08
95 83 3.82e+08
96 83 3.82e+08
97 83 3.82e+08
98 83 3.82e+08
99 83 3.82e+08

0 84 4.01e+08
1 84 4.01e+08
2 84 4.01e+08
3 84 4.01e+08
4 84 4.01e+08
5 84 4.01e+08
6 84 4.01e+08
7 84 4.01e+08
8 84 4.01e+08
9 84 4.01e+08
10 84 4.01e+08
11 84 4.01e+08
12 84 4.01e+08
13 84 4.01e+08
14 84 4.01e+08
15 84 4.01e+08
16 84 4.01e+08
17 84 4.01e+08
18 84 4.01e+08
19 84 4.01e+08
20 84 4.01e+08
21 84 4.01e+08
22 84 4.01e+08
23 84 4.01e+08
24 84 4.01e+08
25 84 4.01e+08
26 84 4.01e+08
27 84 4.01e+08
28 84 4.01e+08
29 84 4.01e+08
30 84 4.01e+08
31 84 4.01e+08
32 84 4.01e+08
33 84 4.01e+08
34 84 4.01e+08
35 84 4.01e+08
36 84 4.01e+08
37 84 4.01e+08
38 84 4.01e+08
39 84 4.01e+08
40 84 4.01e+08
41 84 4.01e+08
42 84 4.01e+08
43 84 4.01e+08
44 84 4.01e+08
45 84 4.01e+08
46 84 4.01e+08
47 84 4.01e+08
48 84 4.01e+08
49 84 4.01e+08
50 84 4.01e+08
51 84 4.01e+08
52 84 4.01e+08
53 84 4.01e+08
54 84 4.01e+08
55 84 4.01e+08
56 84 4.01e+08
57 84 4.01e+08
58 84 4.01e+08
59 84 4.01e+08
60 84 4.01e+08
61 84 4.01e+08
62 84 4.01e+08
63 84 4.01e+08
64 84 4.01e+08
65 84 4.01e+08
66 84 4.01e+08
67 84 4.01e+08
68 84 4.01e+08
69 84 4.01e+08
70 84 4.01e+08
71 84 4.01e+08
72 84 4.01e+08
73 84 4.01e+08
74 84 4.01e+08
75 84 4.01e+08
76 84 4.01e+08
77 84 4.01e+08
78 84 4.01e+08
79 84 4.01e+08
80 84 4.01e+08
81 84 4.01e+08
82 84 4.01e+08
83 84 4.01e+08
84 84 4.01e+08
85 84 4.01e+08
86 84 4.01e+08
87 84 4.01e+08
88 84 4.01e+08
89 84 4.01e+08
90 84 4.01e+08
91 84 4.01e+08
92 84 4.01e+08
93 84 4.01e+08
94 84 4.01e+08
95 84 4.01e+08
96 84 4.01e+08
97 84 4.01e+08
98 84 4.01e+08
99 84 4.01e+08

0 85 4.24e+08
1 85 4.24e+08
2 85 4.24e+08
3 85 4.24e+08
4 85 4.24e+08
5 85 4.24e+08
6 85 4.24e+08
7 85 4.24e+08
8 85 4.24e+08
9 85 4.24e+08
10 85 4.24e+08
11 85 4.24e+08
12 85 4.24e+08
13 85 4.24e+08
14 85 4.24e+08
15 85 4.24e+08
16 85 4.24e+08
17 85 4.24e+08
18 85 4.24e+08
19 85 4.24e+08
20 85 4.24e+08
21 85 4.24e+08
22 85 4.24e+08
23 85 4.24e+08
24 85 4.24e+08
25 85 4.24e+08
26 85 4.24e+08
27 85 4.24e+08
28 85 4.24e+08
29 85 4.24e+08
30 85 4.24e+08
31 85 4.24e+08
32 85 4.24e+08
33 85 4.24e+08
34 85 4.24e+08
35 85 4.24e+08
36 85 4.24e+08
37 85 4.24e+08
38 85 4.24e+08
39 85 4.24e+08
40 85 4.24e+08
41 85 4.24e+08
42 85 4.24e+08
43 85 4.24e+08
44 85 4.24e+08
45 85 4.24e+08
46 85 4.24e+08
47 85 4.24e+08
48 85 4.24e+08
49 85 4.24e+08
50 85 4.24e+08
51 85 4.24e+08
52 85 4.24e+08
53 85 4.24e+08
54 85 4.24e+08
55 85 4.24e+08
56 85 4.24e+08
57 85 4.24e+08
58 85 4.24e+08
59 85 4.24e+08
60 85 4.24e+08
61 85 4.24e+08
62 85 4.24e+08
63 85 4.24e+08
64 85 4.24e+08
65 85 4.24e+08
66 85 4.24e+08
67 85 4.24e+08
68 85 4.24e+08
69 85 4.24e+08
70 85 4.24e+08
71 85 4.24e+08
72 85 4.24e+08
73 85 4.24e+08
74 85 4.24e+08
75 85 4.24e+08
76 85 4.24e+08
77 85 4.24e+08
78 85 4.24e+08
79 85 4.24e+08
80 85 4.24e+08
81 85 4.24e+08
82 85 4.24e+08
83 85 4.24e+08
84 85 4.24e+08
85 85 4.24e+08
86 85 4.24e+08
87 85 4.24e+08
88 85 4.24e+08
89 85 4.24e+08
90 85 4.24e+08
91 85 4.24e+08
92 85 4.24e+08
93 85 4.24e+08
94 85 4.24e+08
95 85 4.24e+08
96 85 4.24e+08
97 85 4.24e+08
98 85 4.24e+08
99 85 4.24e+08

0 86 4.72e+08
1 86 4.72e+08
2 86 4.72e+08
3 86 4.72e+08
4 86 4.72e+08
5 86 4.72e+08
6 86 4.72e+08
7 86 4.72e+08
8 86 4.72e+08
9 86 4.72e+08
10 86 4.72e+08
11 86 4.72e+08
12 86 4.72e+08
13 86 4.72e+08
14 86 4.72e+08
15 86 4.72e+08
16 86 4.72e+08
17 86 4.72e+08
18 86 4.72e+08
19 86 4.72e+08
20 86 4.72e+08
21 86 4.72e+08
22 86 4.72e+08
23 86 4.72e+08
24 86 4.72e+08
25 86 4.72e+08
26 86 4.72e+08
27 86 4.72e+08
28 86 4.72e+08
29 86 4.72e+08
30 86 4.72e+08
31 86 4.72e+08
32 86 4.72e+08
33 86 4.72e+08
34 86 4.72e+08
35 86 4.72e+08
36 86 4.72e+08
37 86 4.72e+08
38 86 4.72e+08
39 86 4.72e+08
40 86 4.72e+08
41 86 4.72e+08
42 86 4.72e+08
43 86 4.72e+08
44 86 4.72e+08
45 86 4.72e+08
46 86 4.72e+08
47 86 4.72e+08
48 86 4.72e+08
49 86 4.72e+08
50 86 4.72e+08
51 86 4.72e+08
52 86 4.72e+08
53 86 4.72e+08
54 86 4.72e+08
55 86 4.72e+08
56 86 4.72e+08
57 86 4.72e+08
58 86 4.72e+08
59 86 4.72e+08
60 86 4.72e+08
61 86 4.72e+08
62 86 4.72e+08
63 86 4.72e+08
64 86 4.72e+08
65 86 4.72e+08
66 86 4.72e+08
67 86 4.72e+08
68 86 4.72e+08
69 86 4.72e+08
70 86 4.72e+08
71 86 4.72e+08
72 86 4.72e+08
73 86 4.72e+08
74 86 4.72e+08
75 86 4.72e+08
76 86 4.72e+08
77 86 4.72e+08
78 86 4.72e+08
79 86 4.72e+08
80 86 4.72e+08
81 86 4.72e+08
82 86 4.72e+08
83 86 4.72e+08
84 86 4.72e+08
85 86 4.72e+08
86 86 4.72e+08
87 86 4.72e+08
88 86 4.72e+08
89 86 4.72e+08
90 86 4.72e+08
91 86 4.72e+08
92 86 4.72e+08
93 86 4.72e+08
94 86 4.72e+08
95 86 4.72e+08
96 86 4.72e+08
97 86 4.72e+08
98 86 4.72e+08
99 86 4.72e+08

0 87 5.83e+08
1 87 5.83e+08
2 87 5.83e+08
3 87 5.83e+08
4 87 5.83e+08
5 87 5.83e+08
6 87 5.83e+08
7 87 5.83e+08
8 87 5.83e+08
9 87 5.83e+08
10 87 5.83e+08
11 87 5.83e+08
12 87 5.83e+08
13 87 5.83e+08
14 87 5.83e+08
15 87 5.83e+08
16 87 5.83e+08
17 87 5.83e+08
18 87 5.83e+08
19 87 5.83e+08
20 87 5.83e+08
21 87 5.83e+08
22 87 5.83e+08
23 87 5.83e+08
24 87 5.83e+08
25 87 5.83e+08
26 87 5.83e+08
27 87 5.83e+08
28 87 5.83e+08
29 87 5.83e+08
30 87 5.83e+08
31 87 5.83e+08
32 87 5.83e+08
33 87 5.83e+08
34 87 5.83e+08
35 87 5.83e+08
36 87 5.83e+08
37 87 5.83e+08
38 87 5.83e+08
39 87 5.83e+08
40 87 5.83e+08
41 87 5.83e+08
42 87 5.83e+08
43 87 5.83e+08
44 87 5.83e+08
45 87 5.83e+08
46 87 5.83e+08
47 87 5.83e+08
48 87 5.83e+08
49 87 5.83e+08
50 87 5.83e+08
51 87 5.83e+08
52 87 5.83e+08
53 87 5.83e+08
54 87 5.83e+08
55 87 5.83e+08
56 87 5.83e+08
57 87 5.83e+08
58 87 5.83e+08
59 87 5.83e+08
60 87 5.83e+08
61 87 5.83e+08
62 87 5.83e+08
63 87 5.83e+08
64 87 5.83e+08
65 87 5.83e+08
66 87 5.83e+08
67 87 5.83e+08
68 87 5.83e+08
69 87 5.83e+08
70 87 5.83e+08
71 87 5.83e+08
72 87 5.83e+08
73 87 5.83e+08
74 87 5.83e+08
75 87 5.83e+08
76 87 5.83e+08
77 87 5.83e+08
78 87 5.83e+08
79 87 5.83e+08
80 87 5.83e+08
81 87 5.83e+08
82 87 5.83e+08
83 87 5.83e+08
84 87 5.83e+08
85 87 5.83e+08
86 87 5.83e+08
87 87 5.83e+08
88 87 5.83e+08
89 87 5.83e+08
90 87 5.83e+08
91 87 5.83e+08
92 87 5.83e+08
93 87 5.83e+08
94 87 5.83e+08
95 87 5.83e+08
96 87 5.83e+08
97 87 5.83e+08
98 87 5.83e+08
99 87 5.83e+08

0 88 8.41e+08
1 88 8.41e+08
2 88 8.41e+08
3 88 8.41e+08
4 88 8.41e+08
5 88 8.41e+08
6 88 8.41e+08
7 88 8.41e+08
8 88 8.41e+08
9 88 8.41e+08
10 88 8.41e+08
11 88 8.41e+08
12 88 8.41e+08
13 88 8.41e+08
14 88 8.41e+08
15 88 8.41e+08
16 88 8.41e+08
17 88 8.41e+08
18 88 8.41e+08
19 88 8.41e+08
20 88 8.41e+08
21 88 8.41e+08
22 88 8.41e+08
23 88 8.41e+08
24 88 8.41e+08
25 88 8.41e+08
26 88 8.41e+08
27 88 8.41e+08
28 88 8.41e+08
29 88 8.41e+08
30 88 8.41e+08
31 88 8.41e+08
32 88 8.41e+08
33 88 8.41e+08
34 88 8.41e+08
35 88 8.41e+08
36 88 8.41e+08
37 88 8.41e+08
38 88 8.41e+08
39 88 8.41e+08
40 88 8.41e+08
41 88 8.41e+08
42 88 8.41e+08
43 88 8.41e+08
44 88 8.41e+08
45 88 8.41e+08
46 88 8.41e+08
47 88 8.41e+08
48 88 8.41e+08
49 88 8.41e+08
50 88 8.41e+08
51 88 8.41e+08
52 88 8.41e+08
53 88 8.41e+08
54 88 8.41e+08
55 88 8.41e+08
56 88 8.41e+08
57 88 8.41e+08
58 88 8.41e+08
59 88 8.41e+08
60 88 8.41e+08
61 88 8.41e+08
62 88 8.41e+08
63 88 8.41e+08
64 88 8.41e+08
65 88 8.41e+08
66 88 8.41e+08
67 88 8.41e+08
68 88 8.41e+08
69 88 8.41e+08
70 88 8.41e+08
71 88 8.41e+08
72 88 8.41e+08
73 88 8.41e+08
74 88 8.41e+08
75 88 8.41e+08
76 88 8.41e+08
77 88 8.41e+08
78 88 8.41e+08
79 88 8.41e+08
80 88 8.41e+08
81 88 8.41e+08
82 88 8.41e+08
83 88 8.41e+08
84 88 8.41e+08
85 88 8.41e+08
86 88 8.41e+08
87 88 8.41e+08
88 88 8.41e+08
89 88 8.41e+08
90 88 8.41e+08
91 88 8.41e+08
92 88 8.41e+08
93 88 8.41e+08
94 88 8.41e+08
95 88 8.41e+08
96 88 8.41e+08
97 88 8.41e+08
98 88 8.41e+08
99 88 8.41e+08

0 89 1.342e+09
1 89 1.342e+09
2 89 1.342e+09
3 89 1.342e+09
4 89 1.342e+09
5 89 1.342e+09
6 89 1.342e+09
7 89 1.342e+09
8 89 1.342e+09
9 89 1.342e+09
10 89 1.342e+09
11 89 1.342e+09
12 89 1.342e+09
13 89 1.342e+09
14 89 1.342e+09
15 89 1.342e+09
16 89 1.342e+09
17 89 1.342e+09
18 89 1.342e+09
19 89 1.342e+09
20 89 1.342e+09
21 89 1.342e+09
22 89 1.342e+09
23 89 1.342e+09
24 89 1.342e+09
25 89 1.342e+09
26 89 1.342e+09
27 89 1.342e+09
28 89 1.342e+09
29 89 1.342e+09
30 89 1.342e+09
31 89 1.342e+09
32 89 1.342e+09
33 89 1.342e+09
34 89 1.342e+09
35 89 1.342e+09
36 89 1.342e+09
37 89 1.342e+09
38 89 1.342e+09
39 89 1.342e+09
40 89 1.342e+09
41 89 1.342e+09
42 89 1.342e+09
43 89 1.342e+09
44 89 1.342e+09
45 89 1.342e+09
46 89 1.342e+09
47 89 1.342e+09
48 89 1.342e+09
49 89 1.342e+09
50 89 1.342e+09
51 89 1.342e+09
52 89 1.342e+09
53 89 1.342e+09
54 89 1.342e+09
55 89 1.342e+09
56 89 1.342e+09
57 89 1.342e+09
58 89 1.342e+09
59 89 1.342e+09
60 89 1.342e+09
61 89 1.342e+09
62 89 1.342e+09
63 89 1.342e+09
64 89 1.342e+09
65 89 1.342e+09
66 89 1.342e+09
67 89 1.342e+09
68 89 1.342e+09
69 89 1.342e+09
70 89 1.342e+09
71 89 1.342e+09
72 89 1.342e+09
73 89 1.342e+09
74 89 1.342e+09
75 89 1.342e+09
76 89 1.342e+09
77 89 1.342e+09
78 89 1.342e+09
79 89 1.342e+09
80 89 1.342e+09
81 89 1.342e+09
82 89 1.342e+09
83 89 1.342e+09
84 89 1.342e+09
85 89 1.342e+09
86 89 1.342e+09
87 89 1.342e+09
88 89 1.342e+09
89 89 1.342e+09
90 89 1.342e+09
91 89 1.342e+09
92 89 1.342e+09
93 89 1.342e+09
94 89 1.342e+09
95 89 1.342e+09
96 89 1.342e+09
97 89 1.342e+09
98 89 1.342e+09
99 89 1.342e+09

0 90 1.932e+09
1 90 1.932e+09
2 90 1.932e+09
3 90 1.932e+09
4 90 1.932e+09
5 90 1.932e+09
6 90 1.932e+09
7 90 1.932e+09
8 90 1.932e+09
9 90 1.932e+09
10 90 1.932e+09
11 90 1.932e+09
12 90 1.932e+09
13 90 1.932e+09
14 90 1.932e+09
15 90 1.932e+09
16 90 1.932e+09
17 90 1.932e+09
18 90 1.932e+09
19 90 1.932e+09
20 90 1.932e+09
21 90 1.932e+09
22 90 1.932e+09
23 90 1.932e+09
24 90 1.932e+09
25 90 1.932e+09
26 90 1.932e+09
27 90 1.932e+09
28 90 1.932e+09
29 90 1.932e+09
30 90 1.932e+09
31 90 1.932e+09
32 90 1.932e+09
33 90 1.932e+09
34 90 1.932e+09
35 90 1.932e+09
36 90 1.932e+09
37 90 1.932e+09
38 90 1.932e+09
39 90 1.932e+09
40 90 1.932e+09
41 90 1.932e+09
42 90 1.932e+09
43 90 1.932e+09
44 90 1.932e+09
45 90 1.932e+09
46 90 1.932e+09
47 90 1.932e+09
48 90 1.932e+09
49 90 1.932e+09
50 90 1.932e+09
51 90 1.932e+09
52 90 1.932e+09
53 90 1.932e+09
54 90 1.932e+09
55 90 1.932e+09
56 90 1.932e+09
57 90 1.932e+09
58 90 1.932e+09
59 90 1.932e+09
60 90 1.932e+09
61 90 1.932e+09
62 90 1.932e+09
63 90 1.932e+09
64 90 1.932e+09
65 90 1.932e+09
66 90 1.932e+09
67 90 1.932e+09
68 90 1.932e+09
69 90 1.932e+09
70 90 1.932e+09
71 90 1.932e+09
72 90 1.932e+09
73 90 1.932e+09
74 90 1.932e+09
75 90 1.932e+09
76 90 1.932e+09
77 90 1.932e+09
78 90 1.932e+09
79 90 1.932e+09
80 90 1.932e+09
81 90 1.932e+09
82 90 1.932e+09
83 90 1.932e+09
84 90 1.932e+09
85 90 1.932e+09
86 90 1.932e+09
87 90 1.932e+09
88 90 1.932e+09
89 90 1.932e+09
90 90 1.932e+09
91 90 1.932e+09
92 90 1.932e+09
93 90 1.932e+09
94 90 1.932e+09
95 90 1.932e+09
96 90 1.932e+09
97 90 1.932e+09
98 90 1.932e+09
99 90 1.932e+09

0 91 2.605e+09
1 91 2.605e+09
2 91 2.605e+09
3 91 2.605e+09
4 91 2.605e+09
5 91 2.605e+09
6 91 2.605e+09
7 91 2.605e+09
8 91 2.605e+09
9 91 2.605e+09
10 91 2.605e+09
11 91 2.605e+09
12 91 2.605e+09
13 91 2.605e+09
14 91 2.605e+09
15 91 2.605e+09
16 91 2.605e+09
17 91 2.605e+09
18 91 2.605e+09
19 91 2.605e+09
20 91 2.605e+09
21 91 2.605e+09
22 91 2.605e+09
23 91 2.605e+09
24 91 2.605e+09
25 91 2.605e+09
26 91 2.605e+09
27 91 2.605e+09
28 91 2.605e+09
29 91 2.605e+09
30 91 2.605e+09
31 91 2.605e+09
32 91 2.605e+09
33 91 2.605e+09
34 91 2.605e+09
35 91 2.605e+09
36 91 2.605e+09
37 91 2.605e+09
38 91 2.605e+09
39 91 2.605e+09
40 91 2.605e+09
41 91 2.605e+09
42 91 2.605e+09
43 91 2.605e+09
44 91 2.605e+09
45 91 2.605e+09
46 91 2.605e+09
47 91 2.605e+09
48 91 2.605e+09
49 91 2.605e+09
50 91 2.605e+09
51 91 2.605e+09
52 91 2.605e+09
53 91 2.605e+09
54 91 2.605e+09
55 91 2.605e+09
56 91 2.605e+09
57 91 2.605e+09
58 91 2.605e+09
59 91 2.605e+09
60 91 2.605e+09
61 91 2.605e+09
62 91 2.605e+09
63 91 2.605e+09
64 91 2.605e+09
65 91 2.605e+09
66 91 2.605e+09
67 91 2.605e+09
68 91 2.605e+09
69 91 2.605e+09
70 91 2.605e+09
71 91 2.605e+09
72 91 2.605e+09
73 91 2.605e+09
74 91 2.605e+09
75 91 2.605e+09
76 91 2.605e+09
77 91 2.605e+09
78 91 2.605e+09
79 91 2.605e+09
80 91 2.605e+09
81 91 2.605e+09
82 91 2.605e+09
83 91 2.605e+09
84 91 2.605e+09
85 91 2.605e+09
86 91 2.605e+09
87 91 2.605e+09
88 91 2.605e+09
89 91 2.605e+09
90 91 2.605e+09
91 91 2.605e+09
92 91 2.605e+09
93 91 2.605e+09
94 91 2.605e+09
95 91 2.605e+09
96 91 2.605e+09
97 91 2.605e+09
98 91 2.605e+09
99 91 2.605e+09

0 92 3.319e+09
1 92 3.319e+09
2 92 3.319e+09
3 92 3.319e+09
4 92 3.319e+09
5 92 3.319e+09
6 92 3.319e+09
7 92 3.319e+09
8 92 3.319e+09
9 92 3.319e+09
10 92 3.319e+09
11 92 3.319e+09
12 92 3.319e+09
13 92 3.319e+09
14 92 3.319e+09
15 92 3.319e+09
16 92 3.319e+09
17 92 3.319e+09
18 92 3.319e+09
19 92 3.319e+09
20 92 3.319e+09
21 92 3.319e+09
22 92 3.319e+09
23 92 3.319e+09
24 92 3.319e+09
25 92 3.319e+09
26 92 3.319e+09
27 92 3.319e+09
28 92 3.319e+09
29 92 3.319e+09
30 92 3.319e+09
31 92 3.319e+09
32 92 3.319e+09
33 92 3.319e+09
34 92 3.319e+09
35 92 3.319e+09
36 92 3.319e+09
37 92 3.319e+09
38 92 3.319e+09
39 92 3.319e+09
40 92 3.319e+09
41 92 3.319e+09
42 92 3.319e+09
43 92 3.319e+09
44 92 3.319e+09
45 92 3.319e+09
46 92 3.319e+09
47 92 3.319e+09
48 92 3.319e+09
49 92 3.319e+09
50 92 3.319e+09
51 92 3.319e+09
52 92 3.319e+09
53 92 3.319e+09
54 92 3.319e+09
55 92 3.319e+09
56 92 3.319e+09
57 92 3.319e+09
58 92 3.319e+09
59 92 3.319e+09
60 92 3.319e+09
61 92 3.319e+09
62 92 3.319e+09
63 92 3.319e+09
64 92 3.319e+09
65 92 3.319e+09
66 92 3.319e+09
67 92 3.319e+09
68 92 3.319e+09
69 92 3.319e+09
70 92 3.319e+09
71 92 3.319e+09
72 92 3.319e+09
73 92 3.319e+09
74 92 3.319e+09
75 92 3.319e+09
76 92 3.319e+09
77 92 3.319e+09
78 92 3.319e+09
79 92 3.319e+09
80 92 3.319e+09
81 92 3.319e+09
82 92 3.319e+09
83 92 3.319e+09
84 92 3.319e+09
85 92 3.319e+09
86 92 3.319e+09
87 92 3.319e+09
88 92 3.319e+09
89 92 3.319e+09
90 92 3.319e+09
91 92 3.319e+09
92 92 3.319e+09
93 92 3.319e+09
94 92 3.319e+09
95 92 3.319e+09
96 92 3.319e+09
97 92 3.319e+09
98 92 3.319e+09
99 92 3.319e+09

0 93 4.029e+09
1 93 4.029e+09
2 93 4.029e+09
3 93 4.029e+09
4 93 4.029e+09
5 93 4.029e+09
6 93 4.029e+09
7 93 4.029e+09
8 93 4.029e+09
9 93 4.029e+09
10 93 4.029e+09
11 93 4.029e+09
12 93 4.029e+09
13 93 4.029e+09
14 93 4.029e+09
15 93 4.029e+09
16 93 4.029e+09
17 93 4.029e+09
18 93 4.029e+09
19 93 4.029e+09
20 93 4.029e+09
21 93 4.029e+09
22 93 4.029e+09
23 93 4.029e+09
24 93 4.029e+09
25 93 4.029e+09
26 93 4.029e+09
27 93 4.029e+09
28 93 4.029e+09
29 93 4.029e+09
30 93 4.029e+09
31 93 4.029e+09
32 93 4.029e+09
33 93 4.029e+09
34 93 4.029e+09
35 93 4.029e+09
36 93 4.029e+09
37 93 4.029e+09
38 93 4.029e+09
39 93 4.029e+09
40 93 4.029e+09
41 93 4.029e+09
42 93 4.029e+09
43 93 4.029e+09
44 93 4.029e+09
45 93 4.029e+09
46 93 4.029e+09
47 93 4.029e+09
48 93 4.029e+09
49 93 4.029e+09
50 93 4.029e+09
51 93 4.029e+09
52 93 4.029e+09
53 93 4.029e+09
54 93 4.029e+09
55 93 4.029e+09
56 93 4.029e+09
57 93 4.029e+09
58 93 4.029e+09
59 93 4.029e+09
60 93 4.029e+09
61 93 4.029e+09
62 93 4.029e+09
63 93 4.029e+09
64 93 4.029e+09
65 93 4.029e+09
66 93 4.029e+09
67 93 4.029e+09
68 93 4.029e+09
69 93 4.029e+09
70 93 4.029e+09
71 93 4.029e+09
72 93 4.029e+09
73 93 4.029e+09
74 93 4.029e+09
75 93 4.029e+09
76 93 4.029e+09
77 93 4.029e+09
78 93 4.029e+09
79 93 4.029e+09
80 93 4.029e+09
81 93 4.029e+09
82 93 4.029e+09
83 93 4.029e+09
84 93 4.029e+09
85 93 4.029e+09
86 93 4.029e+09
87 93 4.029e+09
88 93 4.029e+09
89 93 4.029e+09
90 93 4.029e+09
91 93 4.029e+09
92 93 4.029e+09
93 93 4.029e+09
94 93 4.029e+09
95 93 4.029e+09
96 93 4.029e+09
97 93 4.029e+09
98 93 4.029e+09
99 93 4.029e+09

0 94 4.696e+09
1 94 4.696e+09
2 94 4.696e+09
3 94 4.696e+09
4 94 4.696e+09
5 94 4.696e+09
6 94 4.696e+09
7 94 4.696e+09
8 94 4.696e+09
9 94 4.696e+09
10 94 4.696e+09
11 94 4.696e+09
12 94 4.696e+09
13 94 4.696e+09
14 94 4.696e+09
15 94 4.696e+09
16 94 4.696e+09
17 94 4.696e+09
18 94 4.696e+09
19 94 4.696e+09
20 94 4.696e+09
21 94 4.696e+09
22 94 4.696e+09
23 94 4.696e+09
24 94 4.696e+09
25 94 4.696e+09
26 94 4.696e+09
27 94 4.696e+09
28 94 4.696e+09
29 94 4.696e+09
30 94 4.696e+09
31 94 4.696e+09
32 94 4.696e+09
33 94 4.696e+09
34 94 4.696e+09
35 94 4.696e+09
36 94 4.696e+09
37 94 4.696e+09
38 94 4.696e+09
39 94 4.696e+09
40 94 4.696e+09
41 94 4.696e+09
42 94 4.696e+09
43 94 4.696e+09
44 94 4.696e+09
45 94 4.696e+09
46 94 4.696e+09
47 94 4.696e+09
48 94 4.696e+09
49 94 4.696e+09
50 94 4.696e+09
51 94 4.696e+09
52 94 4.696e+09
53 94 4.696e+09
54 94 4.696e+09
55 94 4.696e+09
56 94 4.696e+09
57 94 4.696e+09
58 94 4.696e+09
59 94 4.696e+09
60 94 4.696e+09
61 94 4.696e+09
62 94 4.696e+09
63 94 4.696e+09
64 94 4.696e+09
65 94 4.696e+09
66 94 4.696e+09
67 94 4.696e+09
68 94 4.696e+09
69 94 4.696e+09
70 94 4.696e+09
71 94 4.696e+09
72 94 4.696e+09
73 94 4.696e+09
74 94 4.696e+09
75 94 4.696e+09
76 94 4.696e+09
77 94 4.696e+09
78 94 4.696e+09
79 94 4.696e+09
80 94 4.696e+09
81 94 4.696e+09
82 94 4.696e+09
83 94 4.696e+09
84 94 4.696e+09
85 94 4.696e+09
86 94 4.696e+09
87 94 4.696e+09
88 94 4.696e+09
89 94 4.696e+09
90 94 4.696e+09
91 94 4.696e+09
92 94 4.696e+09
93 94 4.696e+09
94 94 4.696e+09
95 94 4.696e+09
96 94 4.696e+09
97 94 4.696e+09
98 94 4.696e+09
99 94 4.696e+09

0 95 5.291e+09
1 95 5.291e+09
2 95 5.291e+09
3 95 5.291e+09
4 95 5.291e+09
5 95 5.291e+09
6 95 5.291e+09
7 95 5.291e+09
8 95 5.291e+09
9 95 5.291e+09
10 95 5.291e+09
11 95 5.291e+09
12 95 5.291e+09
13 95 5.291e+09
14 95 5.291e+09
15 95 5.291e+09
16 95 5.291e+09
17 95 5.291e+09
18 95 5.291e+09
19 95 5.291e+09
20 95 5.291e+09
21 95 5.291e+09
22 95 5.291e+09
23 95 5.291e+09
24 95 5.291e+09
25 95 5.291e+09
26 95 5.291e+09
27 95 5.291e+09
28 95 5.291e+09
29 95 5.291e+09
30 95 5.291e+09
31 95 5.291e+09
32 95 5.291e+09
33 95 5.291e+09
34 95 5.291e+09
35 95 5.291e+09
36 95 5.291e+09
37 95 5.291e+09
38 95 5.291e+09
39 95 5.291e+09
40 95 5.291e+09
41 95 5.291e+09
42 95 5.291e+09
43 95 5.291e+09
44 95 5.291e+09
45 95 5.291e+09
46 95 5.291e+09
47 95 5.291e+09
48 95 5.291e+09
49 95 5.291e+09
50 95 5.291e+09
51 95 5.291e+09
52 95 5.291e+09
53 95 5.291e+09
54 95 5.291e+09
55 95 5.291e+09
56 95 5.291e+09
57 95 5.291e+09
58 95 5.291e+09
59 95 5.291e+09
60 95 5.291e+09
61 95 5.291e+09
62 95 5.291e+09
63 95 5.291e+09
64 95 5.291e+09
65 95 5.291e+09
66 95 5.291e+09
67 95 5.291e+09
68 95 5.291e+09
69 95 5.291e+09
70 95 5.291e+09
71 95 5.291e+09
72 95 5.291e+09
73 95 5.291e+09
74 95 5.291e+09
75 95 5.291e+09
76 95 5.291e+09
77 95 5.291e+09
78 95 5.291e+09
79 95 5.291e+09
80 95 5.291e+09
81 95 5.291e+09
82 95 5.291e+09
83 95 5.291e+09
84 95 5.291e+09
85 95 5.291e+09
86 95 5.291e+09
87 95 5.291e+09
88 95 5.291e+09
89 95 5.291e+09
90 95 5.291e+09
91 95 5.291e+09
92 95 5.291e+09
93 95 5.291e+09
94 95 5.291e+09
95 95 5.291e+09
96 95 5.291e+09
97 95 5.291e+09
98 95 5.291e+09
99 95 5.291e+09

0 96 5.798e+09
1 96 5.798e+09
2 96 5.798e+09
3 96 5.798e+09
4 96 5.798e+09
5 96 5.798e+09
6 96 5.798e+09
7 96 5.798e+09
8 96 5.798e+09
9 96 5.798e+09
10 96 5.798e+09
11 96 5.798e+09
12 96 5.798e+09
13 96 5.798e+09
14 96 5.798e+09
15 96 5.798e+09
16 96 5.798e+09
17 96 5.798e+09
18 96 5.798e+09
19 96 5.798e+09
20 96 5.798e+09
21 96 5.798e+09
22 96 5.798e+09
23 96 5.798e+09
24 96 5.798e+09
25 96 5.798e+09
26 96 5.798e+09
27 96 5.798e+09
28 96 5.798e+09
29 96 5.798e+09
30 96 5.798e+09
31 96 5.798e+09
32 96 5.798e+09
33 96 5.798e+09
34 96 5.798e+09
35 96 5.798e+09
36 96 5.798e+09
37 96 5.798e+09
38 96 5.798e+09
39 96 5.798e+09
40 96 5.798e+09
41 96 5.798e+09
42 96 5.798e+09
43 96 5.798e+09
44 96 5.798e+09
45 96 5.798e+09
46 96 5.798e+09
47 96 5.798e+09
48 96 5.798e+09
49 96 5.798e+09
50 96 5.798e+09
51 96 5.798e+09
52 96 5.798e+09
53 96 5.798e+09
54 96 5.798e+09
55 96 5.798e+09
56 96 5.798e+09
57 96 5.798e+09
58 96 5.798e+09
59 96 5.798e+09
60 96 5.798e+09
61 96 5.798e+09
62 96 5.798e+09
63 96 5.798e+09
64 96 5.798e+09
65 96 5.798e+09
66 96 5.798e+09
67 96 5.798e+09
68 96 5.798e+09
69 96 5.798e+09
70 96 5.798e+09
71 96 5.798e+09
72 96 5.798e+09
73 96 5.798e+09
74 96 5.798e+09
75 96 5.798e+09
76 96 5.798e+09
77 96 5.798e+09
78 96 5.798e+09
79 96 5.798e+09
80 96 5.798e+09
81 96 5.798e+09
82 96 5.798e+09
83 96 5.798e+09
84 96 5.798e+09
85 96 5.798e+09
86 96 5.798e+09
87 96 5.798e+09
88 96 5.798e+09
89 96 5.798e+09
90 96 5.798e+09
91 96 5.798e+09
92 96 5.798e+09
93 96 5.798e+09
94 96 5.798e+09
95 96 5.798e+09
96 96 5.798e+09
97 96 5.798e+09
98 96 5.798e+09
99 96 5.798e+09

0 97 6.21e+09
1 97 6.21e+09
2 97 6.21e+09
3 97 6.21e+09
4 97 6.21e+09
5 97 6.21e+09
6 97 6.21e+09
7 97 6.21e+09
8 97 6.21e+09
9 97 6.21e+09
10 97 6.21e+09
11 97 6.21e+09
12 97 6.21e+09
13 97 6.21e+09
14 97 6.21e+09
15 97 6.21e+09
16 97 6.21e+09
17 97 6.21e+09
18 97 6.21e+09
19 97 6.21e+09
20 97 6.21e+09
21 97 6.21e+09
22 97 6.21e+09
23 97 6.21e+09
24 97 6.21e+09
25 97 6.21e+09
26 97 6.21e+09
27 97 6.21e+09
28 97 6.21e+09
29 97 6.21e+09
30 97 6.21e+09
31 97 6.21e+09
32 97 6.21e+09
33 97 6.21e+09
34 97 6.21e+09
35 97 6.21e+09
36 97 6.21e+09
37 97 6.21e+09
38 97 6.21e+09
39 97 6.21e+09
40 97 6.21e+09
41 97 6.21e+09
42 97 6.21e+09
43 97 6.21e+09
44 97 6.21e+09
45 97 6.21e+09
46 97 6.21e+09
47 97 6.21e+09
48 97 6.21e+09
49 97 6.21e+09
50 97 6.21e+09
51 97 6.21e+09
52 97 6.21e+09
53 97 6.21e+09
54 97 6.21e+09
55 97 6.21e+09
56 97 6.21e+09
57 97 6.21e+09
58 97 6.21e+09
59 97 6.21e+09
60 97 6.21e+09
61 97 6.21e+09
62 97 6.21e+09
63 97 6.21e+09
64 97 6.21e+09
65 97 6.21e+09
66 97 6.21e+09
67 97 6.21e+09
68 97 6.21e+09
69 97 6.21e+09
70 97 6.21e+09
71 97 6.21e+09
72 97 6.21e+09
73 97 6.21e+09
74 97 6.21e+09
75 97 6.21e+09
76 97 6.21e+09
77 97 6.21e+09
78 97 6.21e+09
79 97 6.21e+09
80 97 6.21e+09
81 97 6.21e+09
82 97 6.21e+09
83 97 6.21e+09
84 97 6.21e+09
85 97 6.21e+09
86 97 6.21e+09
87 97 6.21e+09
88 97 6.21e+09
89 97 6.21e+09
90 97 6.21e+09
91 97 6.21e+09
92 97 6.21e+09
93 97 6.21e+09
94 97 6.21e+09
95 97 6.21e+09
96 97 6.21e+09
97 97 6.21e+09
98 97 6.21e+09
99 97 6.21e+09

0 98 6.532e+09
1 98 6.532e+09
2 98 6.532e+09
3 98 6.532e+09
4 98 6.532e+09
5 98 6.532e+09
6 98 6.532e+09
7 98 6.532e+09
8 98 6.532e+09
9 98 6.532e+09
10 98 6.532e+09
11 98 6.532e+09
12 98 6.532e+09
13 98 6.532e+09
14 98 6.532e+09
15 98 6.532e+09
16 98 6.532e+09
17 98 6.532e+09
18 98 6.532e+09
19 98 6.532e+09
20 98 6.532e+09
21 98 6.532e+09
22 98 6.532e+09
23 98 6.532e+09
24 98 6.532e+09
25 98 6.532e+09
26 98 6.532e+09
27 98 6.532e+09
28 98 6.532e+09
29 98 6.532e+09
30 98 6.532e+09
31 98 6.532e+09
32 98 6.532e+09
33 98 6.532e+09
34 98 6.532e+09
35 98 6.532e+09
36 98 6.532e+09
37 98 6.532e+09
38 98 6.532e+09
39 98 6.532e+09
40 98 6.532e+09
41 98 6.532e+09
42 98 6.532e+09
43 98 6.532e+09
44 98 6.532e+09
45 98 6.532e+09
46 98 6.532e+09
47 98 6.532e+09
48 98 6.532e+09
49 98 6.532e+09
50 98 6.532e+09
51 98 6.532e+09
52 98 6.532e+09
53 98 6.532e+09
54 98 6.532e+09
55 98 6.532e+09
56 98 6.532e+09
57 98 6.532e+09
58 98 6.532e+09
59 98 6.532e+09
60 98 6.532e+09
61 98 6.532e+09
62 98 6.532e+09
63 98 6.532e+09
64 98 6.532e+09
65 98 6.532e+09
66 98 6.532e+09
67 98 6.532e+09
68 98 6.532e+09
69 98 6.532e+09
70 98 6.532e+09
71 98 6.532e+09
72 98 6.532e+09
73 98 6.532e+09
74 98 6.532e+09
75 98 6.532e+09
76 98 6.532e+09
77 98 6.532e+09
78 98 6.532e+09
79 98 6.532e+09
80 98 6.532e+09
81 98 6.532e+09
82 98 6.532e+09
83 98 6.532e+09
84 98 6.532e+09
85 98 6.532e+09
86 98 6.532e+09
87 98 6.532e+09
88 98 6.532e+09
89 98 6.532e+09
90 98 6.532e+09
91 98 6.532e+09
92 98 6.532e+09
93 98 6.532e+09
94 98 6.532e+09
95 98 6.532e+09
96 98 6.532e+09
97 98 6.532e+09
98 98 6.532e+09
99 98 6.532e+09

0 99 6.773e+09
1 99 6.773e+09
2 99 6.773e+09
3 99 6.773e+09
4 99 6.773e+09
5 99 6.773e+09
6 99 6.773e+09
7 99 6.773e+09
8 99 6.773e+09
9 99 6.773e+09
10 99 6.773e+09
11 99 6.773e+09
12 99 6.773e+09
13 99 6.773e+09
14 99 6.773e+09
15 99 6.773e+09
16 99 6.773e+09
17 99 6.773e+09
18 99 6.773e+09
19 99 6.773e+09
20 99 6.773e+09
21 99 6.773e+09
22 99 6.773e+09
23 99 6.773e+09
24 99 6.773e+09
25 99 6.773e+09
26 99 6.773e+09
27 99 6.773e+09
28 99 6.773e+09
29 99 6.773e+09
30 99 6.773e+09
31 99 6.773e+09
32 99 6.773e+09
33 99 6.773e+09
34 99 6.773e+09
35 99 6.773e+09
36 99 6.773e+09
37 99 6.773e+09
38 99 6.773e+09
39 99 6.773e+09
40 99 6.773e+09
41 99 6.773e+09
42 99 6.773e+09
43 99 6.773e+09
44 99 6.773e+09
45 99 6.773e+09
46 99 6.773e+09
47 99 6.773e+09
48 99 6.773e+09
49 99 6.773e+09
50 99 6.773e+09
51 99 6.773e+09
52 99 6.773e+09
53 99 6.773e+09
54 99 6.773e+09
55 99 6.773e+09
56 99 6.773e+09
57 99 6.773e+09
58 99 6.773e+09
59 99 6.773e+09
60 99 6.773e+09
61 99 6.773e+09
62 99 6.773e+09
63 99 6.773e+09
64 99 6.773e+09
65 99 6.773e+09
66 99 6.773e+09
67 99 6.773e+09
68 99 6.773e+09
69 99 6.773e+09
70 99 6.773e+09
71 99 6.773e+09
72 99 6.773e+09
73 99 6.773e+09
74 99 6.773e+09
75 99 6.773e+09
76 99 6.773e+09
77 99 6.773e+09
78 99 6.773e+09
79 99 6.773e+09
80 99 6.773e+09
81 99 6.773e+09
82 99 6.773e+09
83 99 6.773e+09
84 99 6.773e+09
85 99 6.773e+09
86 99 6.773e+09
87 99 6.773e+09
88 99 6.773e+09
89 99 6.773e+09
90 99 6.773e+09
91 99 6.773e+09
92 99 6.773e+09
93 99 6.773e+09
94 99 6.773e+09
95 99 6.773e+09
96 99 6.773e+09
97 99 6.773e+09
98 99 6.773e+09
99 99 6.773e+09

