50 8.87362e-10
51 1.44427e-10
52 2.41532e-11
53 4.20985e-12
54 1.52927e-12
55 1.03975e-12
56 6.95125e-13
57 5.1721e-13
58 5.12908e-13
59 5.86489e-13
60 6.61623e-13
61 7.12096e-13
62 7.32457e-13
63 7.24112e-13
64 6.91023e-13
65 6.38376e-13
66 5.72176e-13
67 4.99226e-13
68 4.27347e-13
69 3.65614e-13
70 3.23629e-13
71 3.07891e-13
72 3.16603e-13
73 3.40368e-13
74 3.68664e-13
75 3.9388e-13
76 4.11598e-13
77 4.19742e-13
78 4.17847e-13
79 4.06577e-13
80 3.87429e-13
81 3.62527e-13
82 3.34462e-13
83 3.06118e-13
84 2.80422e-13
85 2.59914e-13
86 2.46142e-13
87 2.39127e-13
88 2.37359e-13
89 2.38412e-13
90 2.39773e-13
91 2.39409e-13
92 2.35976e-13
93 2.28797e-13
94 2.17763e-13
95 2.03208e-13
96 1.85795e-13
97 1.66414e-13
98 1.46087e-13
99 1.2588e-13
100 1.06812e-13
101 8.97379e-14
102 7.52019e-14
103 6.32785e-14
104 5.34838e-14
105 4.48925e-14
106 3.64723e-14
107 2.75072e-14
108 1.82452e-14
109 1.27558e-14
110 1.95488e-14
111 3.35069e-14
112 4.97828e-14
113 6.69496e-14
114 8.42442e-14
115 1.01089e-13
116 1.17024e-13
117 1.31703e-13
118 1.44908e-13
119 1.56558e-13
120 1.66704e-13
121 1.7552e-13
122 1.83275e-13
123 1.90292e-13
124 1.969e-13
125 2.03378e-13
126 2.09914e-13
127 2.16572e-13
128 2.23284e-13
129 2.29864e-13
130 2.36039e-13
131 2.41486e-13
132 2.45877e-13
133 2.48917e-13
134 2.50373e-13
135 2.50093e-13
136 2.4802e-13
137 2.44184e-13
138 2.38694e-13
139 2.31719e-13
140 2.23467e-13
141 2.14167e-13
142 2.04048e-13
143 1.93336e-13
144 1.82246e-13
145 1.70997e-13
146 1.59818e-13
147 1.48976e-13
148 1.38793e-13
149 1.29666e-13
150 1.22071e-13
151 1.16525e-13
152 1.13504e-13
153 1.1332e-13
154 1.16015e-13
155 1.21348e-13
156 1.28873e-13
157 1.38069e-13
158 1.4843e-13
159 1.59516e-13
160 1.7096e-13
161 1.82458e-13
162 1.93748e-13
163 2.04605e-13
164 2.14827e-13
165 2.24243e-13
166 2.32706e-13
167 2.40107e-13
168 2.46371e-13
169 2.51455e-13
170 2.55347e-13
171 2.58055e-13
172 2.59596e-13
173 2.59988e-13
174 2.59239e-13
175 2.57342e-13
176 2.54274e-13
177 2.49996e-13
178 2.44458e-13
179 2.37611e-13
180 2.2942e-13
181 2.19877e-13
182 2.09018e-13
183 1.96946e-13
184 1.83847e-13
185 1.70022e-13
186 1.55921e-13
187 1.42187e-13
188 1.29711e-13
189 1.19657e-13
190 1.13362e-13
191 1.12013e-13
192 1.16147e-13
193 1.25414e-13
194 1.38831e-13
195 1.55258e-13
196 1.73692e-13
197 1.93352e-13
198 2.13644e-13
199 2.34114e-13
200 2.544e-13
201 2.74206e-13
202 2.9328e-13
203 3.11409e-13
204 3.28412e-13
205 3.44139e-13
206 3.5847e-13
207 3.71312e-13
208 3.82594e-13
209 3.92256e-13
210 4.0025e-13
211 4.06524e-13
212 4.1102e-13
213 4.13672e-13
214 4.14407e-13
215 4.13154e-13
216 4.09855e-13
217 4.04472e-13
218 3.97009e-13
219 3.8751e-13
220 3.76075e-13
221 3.62856e-13
222 3.48055e-13
223 3.31917e-13
224 3.14725e-13
225 2.96795e-13
226 2.78468e-13
227 2.60117e-13
228 2.42155e-13
229 2.25036e-13
230 2.0927e-13
231 1.9541e-13
232 1.84021e-13
233 1.75612e-13
234 1.70535e-13
235 1.68884e-13
236 1.70449e-13
237 1.74759e-13
238 1.81194e-13
239 1.89103e-13
240 1.97888e-13
241 2.07046e-13
242 2.16163e-13
243 2.24897e-13
244 2.3295e-13
245 2.40046e-13
246 2.45923e-13
247 2.50325e-13
248 2.53023e-13
249 2.53829e-13
250 2.52621e-13
251 2.49365e-13
252 2.44124e-13
253 2.3706e-13
254 2.28416e-13
255 2.1849e-13
256 2.07584e-13
257 1.95962e-13
258 1.83801e-13
259 1.71167e-13
260 1.58015e-13
261 1.44229e-13
262 1.29686e-13
263 1.14336e-13
264 9.82973e-14
265 8.19749e-14
266 6.62295e-14
267 5.27001e-14
268 4.41403e-14
269 4.32678e-14
270 4.93317e-14
271 5.87183e-14
272 6.8517e-14
273 7.72157e-14
274 8.41923e-14
275 8.93591e-14
276 9.29709e-14
277 9.54805e-14
278 9.7387e-14
279 9.90804e-14
280 1.00718e-13
281 1.02182e-13
282 1.03134e-13
283 1.03142e-13
284 1.01816e-13
285 9.89266e-14
286 9.44777e-14
287 8.87445e-14
288 8.22715e-14
289 7.58364e-14
290 7.0358e-14
291 6.67194e-14
292 6.55236e-14
293 6.69219e-14
294 7.06896e-14
295 7.64913e-14
296 8.40856e-14
297 9.33432e-14
298 1.04136e-13
299 1.16215e-13
300 1.29153e-13
301 1.42357e-13
302 1.55146e-13
303 1.6684e-13
304 1.76854e-13
305 1.8477e-13
306 1.90395e-13
307 1.93782e-13
308 1.95216e-13
309 1.9517e-13
310 1.94217e-13
311 1.92909e-13
312 1.91658e-13
313 1.90643e-13
314 1.89775e-13
315 1.88748e-13
316 1.87132e-13
317 1.84499e-13
318 1.80522e-13
319 1.75046e-13
320 1.68112e-13
321 1.59947e-13
322 1.50925e-13
323 1.41501e-13
324 1.32139e-13
325 1.23233e-13
326 1.15045e-13
327 1.07669e-13
328 1.01048e-13
329 9.50199e-14
330 8.93908e-14
331 8.4007e-14
332 7.87972e-14
333 7.37887e-14
334 6.90958e-14
335 6.48915e-14
336 6.13717e-14
337 5.8718e-14
338 5.70667e-14
339 5.649e-14
340 5.69894e-14
341 5.85036e-14
342 6.09214e-14
343 6.40977e-14
344 6.78672e-14
345 7.20576e-14
346 7.6502e-14
347 8.10498e-14
348 8.55763e-14
349 8.99873e-14
350 9.42199e-14
351 9.82383e-14
352 1.02026e-13
353 1.0558e-13
354 1.08899e-13
355 1.11984e-13
356 1.1483e-13
357 1.17425e-13
358 1.19753e-13
359 1.21794e-13
360 1.2353e-13
361 1.24946e-13
362 1.2603e-13
363 1.26779e-13
364 1.27195e-13
365 1.27287e-13
366 1.27068e-13
367 1.26552e-13
368 1.25754e-13
369 1.2469e-13
370 1.23369e-13
371 1.21803e-13
372 1.20001e-13
373 1.17972e-13
374 1.15728e-13
375 1.13278e-13
376 1.10635e-13
377 1.07817e-13
378 1.04844e-13
379 1.01735e-13
380 9.85108e-14
381 9.51886e-14
382 9.17893e-14
383 8.83374e-14
384 8.48607e-14
385 8.13876e-14
386 7.79473e-14
387 7.45729e-14
388 7.13045e-14
389 6.81883e-14
390 6.52723e-14
391 6.26012e-14
392 6.02169e-14
393 5.81612e-14
394 5.64782e-14
395 5.52099e-14
396 5.43863e-14
397 5.40157e-14
398 5.40816e-14
399 5.45496e-14
400 5.53795e-14
401 5.65369e-14
402 5.79963e-14
403 5.97335e-14
404 6.17148e-14
405 6.38888e-14
406 6.61912e-14
407 6.85583e-14
408 7.09425e-14
409 7.33198e-14
410 7.56855e-14
411 7.80396e-14
412 8.03727e-14
413 8.26598e-14
414 8.48648e-14
415 8.69512e-14
416 8.88937e-14
417 9.06818e-14
418 9.23172e-14
419 9.38062e-14
420 9.51517e-14
421 9.635e-14
422 9.7392e-14
423 9.82671e-14
424 9.89676e-14
425 9.94908e-14
426 9.98383e-14
427 1.00014e-13
428 1.00022e-13
429 9.98657e-14
430 9.95461e-14
431 9.90655e-14
432 9.84277e-14
433 9.76384e-14
434 9.6705e-14
435 9.56354e-14
436 9.44367e-14
437 9.31145e-14
438 9.16735e-14
439 9.01188e-14
440 8.84576e-14
441 8.66997e-14
442 8.48572e-14
443 8.29436e-14
444 8.09714e-14
445 7.89521e-14
446 7.68955e-14
447 7.48115e-14
448 7.27106e-14
449 7.06053e-14
450 6.85098e-14
451 6.64397e-14
452 6.44112e-14
453 6.24411e-14
454 6.05461e-14
455 5.87431e-14
456 5.70487e-14
457 5.54793e-14
458 5.40504e-14
459 5.27766e-14
460 5.16705e-14
461 5.07424e-14
462 5.00002e-14
463 4.94488e-14
464 4.90903e-14
465 4.8924e-14
466 4.89459e-14
467 4.9148e-14
468 4.95188e-14
469 5.00432e-14
470 5.07043e-14
471 5.14843e-14
472 5.23652e-14
473 5.33287e-14
474 5.43553e-14
475 5.54246e-14
476 5.65174e-14
477 5.76188e-14
478 5.87215e-14
479 5.98246e-14
480 6.09297e-14
481 6.20336e-14
482 6.31223e-14
483 6.41719e-14
484 6.51548e-14
485 6.60508e-14
486 6.68556e-14
487 6.75829e-14
488 6.82566e-14
489 6.88988e-14
490 6.9518e-14
491 7.01042e-14
492 7.06337e-14
493 7.10804e-14
494 7.14273e-14
495 7.1673e-14
496 7.18305e-14
497 7.19199e-14
498 7.19592e-14
499 7.19569e-14
500 7.19107e-14
501 7.18104e-14
502 7.1644e-14
503 7.14035e-14
504 7.10872e-14
505 7.06998e-14
506 7.0249e-14
507 6.9742e-14
508 6.91827e-14
509 6.85713e-14
510 6.79057e-14
511 6.7185e-14
512 6.64119e-14
513 6.55933e-14
514 6.47387e-14
515 6.38561e-14
516 6.2948e-14
517 6.20104e-14
518 6.10368e-14
519 6.00248e-14
520 5.89823e-14
521 5.79272e-14
522 5.68798e-14
523 5.58514e-14
524 5.48381e-14
525 5.38237e-14
526 5.2793e-14
527 5.17448e-14
528 5.06981e-14
529 4.96849e-14
530 4.8733e-14
531 4.7852e-14
532 4.703e-14
533 4.62435e-14
534 4.54729e-14
535 4.47137e-14
536 4.39783e-14
537 4.32908e-14
538 4.2679e-14
539 4.21651e-14
540 4.17576e-14
541 4.14425e-14
542 4.11859e-14
543 4.09543e-14
544 4.07444e-14
545 4.05928e-14
546 4.05407e-14
547 4.05737e-14
548 4.06012e-14
549 4.05269e-14
