0 0
1 -14.8815
2 -28.5049
3 -40.4085
4 -50.2862
5 -58.1879
6 -64.4145
7 -69.2621
8 -72.9364
9 -75.6665
10 -77.7638
11 -79.5306
12 -81.1786
13 -82.8166
14 -84.4539
15 -85.9739
16 -87.1049
17 -87.5338
18 -87.215
19 -86.433
20 -85.5077
21 -84.6236
22 -83.8539
23 -83.2165
24 -82.7058
25 -82.3081
26 -82.0062
27 -81.7821
28 -81.6175
29 -81.4942
30 -81.3949
31 -81.3037
32 -81.2077
33 -81.0972
34 -80.9669
35 -80.8155
36 -80.6451
37 -80.4599
38 -80.2654
39 -80.0667
40 -79.8687
41 -79.6746
42 -79.4868
43 -79.3068
44 -79.1354
45 -78.973
46 -78.8202
47 -78.6781
48 -78.5479
49 -78.4317
50 -78.3317
51 -78.2508
52 -78.1917
53 -78.1572
54 -78.1496
55 -78.1709
56 -78.2225
57 -78.3046
58 -78.4167
59 -78.5573
60 -78.7234
61 -78.9108
62 -79.1134
63 -79.3241
64 -79.5336
65 -79.7316
66 -79.9067
67 -80.0474
68 -80.1433
69 -80.1861
70 -80.1712
71 -80.098
72 -79.9703
73 -79.7952
74 -79.5824
75 -79.3424
76 -79.0858
77 -78.8221
78 -78.5599
79 -78.3059
80 -78.0658
81 -77.8438
82 -77.643
83 -77.4658
84 -77.3136
85 -77.1875
86 -77.0879
87 -77.0149
88 -76.9686
89 -76.9487
90 -76.9548
91 -76.9866
92 -77.0436
93 -77.1257
94 -77.2326
95 -77.3646
96 -77.5223
97 -77.7066
98 -77.9194
99 -78.1632
100 -78.4414
101 -78.7583
102 -79.1198
103 -79.5326
104 -80.0056
105 -80.5495
106 -81.1774
107 -81.9061
108 -82.7565
109 -83.755
110 -84.9343
111 -86.332
112 -87.9776
113 -89.8335
114 -91.5947
115 -92.386
116 -91.4819
117 -89.5665
118 -87.5355
119 -85.7115
120 -84.1375
121 -82.7859
122 -81.6195
123 -80.6059
124 -79.7195
125 -78.94
126 -78.2515
127 -77.6416
128 -77.1
129 -76.6184
130 -76.1901
131 -75.8095
132 -75.4723
133 -75.175
134 -74.9152
135 -74.6909
136 -74.5012
137 -74.3455
138 -74.2238
139 -74.1365
140 -74.0843
141 -74.0679
142 -74.0883
143 -74.1464
144 -74.2431
145 -74.3788
146 -74.5541
147 -74.7687
148 -75.0217
149 -75.311
150 -75.6331
151 -75.9821
152 -76.3496
153 -76.7237
154 -77.0885
155 -77.4248
156 -77.7107
157 -77.9249
158 -78.0502
159 -78.0774
160 -78.0079
161 -77.8534
162 -77.6332
163 -77.3698
164 -77.0854
165 -76.7994
166 -76.5272
167 -76.2805
168 -76.0674
169 -75.8936
170 -75.7628
171 -75.6774
172 -75.6387
173 -75.6468
174 -75.701
175 -75.7998
176 -75.941
177 -76.1216
178 -76.3384
179 -76.5876
180 -76.8648
181 -77.1647
182 -77.4812
183 -77.8075
184 -78.1364
185 -78.4605
186 -78.7731
187 -79.0677
188 -79.3386
189 -79.5804
190 -79.7886
191 -79.9596
192 -80.0909
193 -80.1812
194 -80.2302
195 -80.2383
196 -80.2069
197 -80.1379
198 -80.0348
199 -79.9021
200 -79.7458
201 -79.5729
202 -79.3905
203 -79.2058
204 -79.025
205 -78.854
206 -78.6979
207 -78.5609
208 -78.4462
209 -78.3563
210 -78.2925
211 -78.2551
212 -78.2439
213 -78.2577
214 -78.2951
215 -78.3542
216 -78.4329
217 -78.5289
218 -78.64
219 -78.764
220 -78.8991
221 -79.0439
222 -79.1977
223 -79.3607
224 -79.5339
225 -79.7187
226 -79.9171
227 -80.1309
228 -80.3619
229 -80.6108
230 -80.8772
231 -81.1585
232 -81.4496
233 -81.7431
234 -82.0287
235 -82.2941
236 -82.5255
237 -82.7084
238 -82.8297
239 -82.8801
240 -82.8564
241 -82.7625
242 -82.6087
243 -82.4092
244 -82.1794
245 -81.9341
246 -81.6861
247 -81.4457
248 -81.2212
249 -81.0184
250 -80.8415
251 -80.6925
252 -80.5722
253 -80.4801
254 -80.415
255 -80.3751
256 -80.3587
257 -80.3637
258 -80.3881
259 -80.4299
260 -80.4873
261 -80.5592
262 -80.6447
263 -80.7436
264 -80.8562
265 -80.9825
266 -81.1223
267 -81.2749
268 -81.4389
269 -81.6128
270 -81.7946
271 -81.9823
272 -82.1742
273 -82.3685
274 -82.5632
275 -82.7564
276 -82.9458
277 -83.1292
278 -83.3047
279 -83.4702
280 -83.6243
281 -83.7654
282 -83.8918
283 -84.0024
284 -84.0967
285 -84.1752
286 -84.2395
287 -84.2926
288 -84.3375
289 -84.3779
290 -84.417
291 -84.4574
292 -84.5015
293 -84.5507
294 -84.6058
295 -84.6671
296 -84.7346
297 -84.8078
298 -84.8865
299 -84.9701
300 -85.0583
301 -85.1501
302 -85.2438
303 -85.3367
304 -85.425
305 -85.5041
306 -85.5692
307 -85.6164
308 -85.6434
309 -85.6496
310 -85.6372
311 -85.61
312 -85.5729
313 -85.5311
314 -85.4891
315 -85.4507
316 -85.4188
317 -85.3959
318 -85.3841
319 -85.3855
320 -85.402
321 -85.4353
322 -85.4873
323 -85.5596
324 -85.6531
325 -85.7681
326 -85.9033
327 -86.056
328 -86.2217
329 -86.3955
330 -86.5716
331 -86.7452
332 -86.9124
333 -87.0713
334 -87.222
335 -87.3666
336 -87.5082
337 -87.6501
338 -87.7944
339 -87.9416
340 -88.0908
341 -88.2399
342 -88.3857
343 -88.5246
344 -88.6521
345 -88.7624
346 -88.8484
347 -88.9033
348 -88.922
349 -88.9025
350 -88.8463
351 -88.7579
352 -88.644
353 -88.5122
354 -88.3708
355 -88.2281
356 -88.0924
357 -87.9716
358 -87.8733
359 -87.8048
360 -87.7726
361 -87.7814
362 -87.8348
363 -87.9343
364 -88.0804
365 -88.2717
366 -88.5054
367 -88.7771
368 -89.081
369 -89.411
370 -89.7619
371 -90.1294
372 -90.5097
373 -90.8987
374 -91.2901
375 -91.6757
376 -92.0457
377 -92.3902
378 -92.7007
379 -92.9706
380 -93.1956
381 -93.3743
382 -93.5084
383 -93.6032
384 -93.6647
385 -93.6977
386 -93.7029
387 -93.6781
388 -93.6206
389 -93.5298
390 -93.4085
391 -93.262
392 -93.0954
393 -92.912
394 -92.712
395 -92.4942
396 -92.2589
397 -92.0099
398 -91.7553
399 -91.5053
400 -91.2702
401 -91.0585
402 -90.876
403 -90.7252
404 -90.606
405 -90.5154
406 -90.4501
407 -90.4083
408 -90.3914
409 -90.4041
410 -90.4534
411 -90.545
412 -90.6816
413 -90.8603
414 -91.0725
415 -91.305
416 -91.5429
417 -91.773
418 -91.9859
419 -92.177
420 -92.3453
421 -92.4906
422 -92.6117
423 -92.7056
424 -92.7673
425 -92.7918
426 -92.7774
427 -92.7278
428 -92.6531
429 -92.5673
430 -92.4849
431 -92.4177
432 -92.3737
433 -92.3578
434 -92.3734
435 -92.4228
436 -92.5076
437 -92.6274
438 -92.7796
439 -92.96
440 -93.1657
441 -93.3959
442 -93.653
443 -93.9393
444 -94.253
445 -94.5834
446 -94.9102
447 -95.2063
448 -95.4448
449 -95.6068
450 -95.6861
451 -95.6869
452 -95.6187
453 -95.4917
454 -95.3149
455 -95.0966
456 -94.8466
457 -94.5777
458 -94.3056
459 -94.0471
460 -93.8174
461 -93.6275
462 -93.4832
463 -93.3859
464 -93.3355
465 -93.3324
466 -93.3797
467 -93.4825
468 -93.6471
469 -93.8796
470 -94.1849
471 -94.5672
472 -95.0303
473 -95.5796
474 -96.2234
475 -96.9749
476 -97.854
477 -98.8893
478 -100.121
479 -101.6
480 -103.391
481 -105.546
482 -107.989
483 -110.054
484 -110.207
485 -108.435
486 -106.247
487 -104.291
488 -102.646
489 -101.276
490 -100.145
491 -99.2255
492 -98.4976
493 -97.9407
494 -97.529
495 -97.2309
496 -97.0098
497 -96.8287
498 -96.6568
499 -96.4742
500 -96.2741
501 -96.0601
502 -95.8411
503 -95.625
504 -95.4131
505 -95.1967
506 -94.957
507 -94.6707
508 -94.3219
509 -93.9126
510 -93.4665
511 -93.0205
512 -92.6114
513 -92.2647
514 -91.9892
515 -91.7773
516 -91.6084
517 -91.4579
518 -91.306
519 -91.1465
520 -90.9873
521 -90.8451
522 -90.7355
523 -90.6662
524 -90.6332
525 -90.6233
526 -90.6187
527 -90.6042
528 -90.5716
529 -90.5214
530 -90.4604
531 -90.3967
532 -90.3369
533 -90.2845
534 -90.2407
535 -90.2046
536 -90.1742
537 -90.1471
538 -90.1222
539 -90.1008
540 -90.0867
541 -90.0849
542 -90.0984
543 -90.1273
544 -90.1684
545 -90.2183
546 -90.275
547 -90.3394
548 -90.4146
549 -90.504
550 -90.6101
551 -90.7328
552 -90.8692
553 -91.0149
554 -91.1657
555 -91.3207
556 -91.4831
557 -91.6585
558 -91.8513
559 -92.0603
560 -92.2781
561 -92.4947
562 -92.7037
563 -92.9075
564 -93.1163
565 -93.3415
566 -93.5861
567 -93.8401
568 -94.0833
569 -94.2971
570 -94.4771
571 -94.639
572 -94.812
573 -95.0224
574 -95.279
575 -95.564
576 -95.8374
577 -96.0557
578 -96.2004
579 -96.2974
580 -96.4081
581 -96.6029
582 -96.9356
583 -97.4294
584 -98.0717
585 -98.8128
586 -99.574
587 -100.274
588 -100.875
589 -101.411
590 -101.978
591 -102.687
592 -103.626
593 -104.836
594 -106.281
595 -107.804
596 -109.113
597 -109.911
598 -110.118
599 -109.827
600 -109.104
601 -108.028
602 -106.778
603 -105.573
604 -104.567
605 -103.84
606 -103.412
607 -103.271
608 -103.377
609 -103.656
610 -104.008
611 -104.312
612 -104.483
613 -104.516
614 -104.485
615 -104.485
616 -104.587
617 -104.815
618 -105.146
619 -105.522
620 -105.862
621 -106.092
622 -106.177
623 -106.135
624 -106.02
625 -105.895
626 -105.797
627 -105.73
628 -105.665
629 -105.551
630 -105.352
631 -105.067
632 -104.735
633 -104.415
634 -104.149
635 -103.959
636 -103.847
637 -103.805
638 -103.821
639 -103.875
640 -103.935
641 -103.963
642 -103.949
643 -103.93
644 -103.984
645 -104.195
646 -104.618
647 -105.248
648 -106.015
649 -106.785
650 -107.434
651 -107.946
652 -108.462
653 -109.203
654 -110.407
655 -112.312
656 -115.028
657 -117.408
658 -116.274
659 -113.524
660 -111.478
661 -110.208
662 -109.254
663 -108.031
664 -106.287
665 -104.318
666 -102.52
667 -101.084
668 -100.047
669 -99.3624
670 -98.9316
671 -98.6081
672 -98.2236
673 -97.6612
674 -96.93
675 -96.1491
676 -95.4595
677 -94.9605
678 -94.6951
679 -94.6533
680 -94.775
681 -94.9558
682 -95.0749
683 -95.0545
684 -94.911
685 -94.7389
686 -94.6474
687 -94.7123
688 -94.9611
689 -95.3749
690 -95.8937
691 -96.4305
692 -96.9029
693 -97.2767
694 -97.5862
695 -97.9098
696 -98.3257
697 -98.8817
698 -99.5855
699 -100.405
700 -101.279
701 -102.141
702 -102.959
703 -103.766
704 -104.646
705 -105.692
706 -106.962
707 -108.438
708 -109.994
709 -111.378
710 -112.247
711 -112.329
712 -111.668
713 -110.623
714 -109.555
715 -108.619
716 -107.777
717 -106.912
718 -105.973
719 -105.033
720 -104.215
721 -103.589
722 -103.138
723 -102.774
724 -102.406
725 -102.007
726 -101.641
727 -101.405
728 -101.359
729 -101.481
730 -101.658
731 -101.737
732 -101.641
733 -101.447
734 -101.331
735 -101.455
736 -101.917
737 -102.72
738 -103.733
739 -104.63
740 -105.035
741 -104.937
742 -104.714
743 -104.715
744 -105.059
745 -105.652
746 -106.2
747 -106.343
748 -105.979
749 -105.36
750 -104.773
751 -104.339
752 -104.044
753 -103.825
754 -103.649
755 -103.527
756 -103.466
757 -103.416
758 -103.284
759 -103.021
760 -102.694
761 -102.437
762 -102.35
763 -102.43
764 -102.548
765 -102.484
766 -102.101
767 -101.493
768 -100.9
769 -100.521
770 -100.449
771 -100.669
772 -101.055
773 -101.367
774 -101.344
775 -100.925
776 -100.312
777 -99.7692
778 -99.4705
779 -99.4887
780 -99.8217
781 -100.391
782 -101.01
783 -101.388
784 -101.294
785 -100.793
786 -100.176
787 -99.6989
788 -99.4822
789 -99.5251
790 -99.7273
791 -99.9166
792 -99.9328
793 -99.7403
794 -99.4366
795 -99.1451
796 -98.9366
797 -98.8273
798 -98.8038
799 -98.8319
800 -98.8556
801 -98.8159
802 -98.6933
803 -98.5258
804 -98.3728
805 -98.2636
806 -98.1849
807 -98.1082
808 -98.023
809 -97.9375
810 -97.8544
811 -97.7621
812 -97.6608
813 -97.5911
814 -97.6167
815 -97.7658
816 -97.9793
817 -98.12
818 -98.0799
819 -97.9026
820 -97.7564
821 -97.8022
822 -98.1068
823 -98.6134
824 -99.1328
825 -99.4091
826 -99.3296
827 -99.055
828 -98.8581
829 -98.925
830 -99.2975
831 -99.8677
832 -100.385
833 -100.581
834 -100.413
835 -100.109
836 -99.9228
837 -99.9756
838 -100.23
839 -100.509
840 -100.582
841 -100.366
842 -100.009
843 -99.7309
844 -99.6502
845 -99.745
846 -99.8945
847 -99.9606
848 -99.8821
849 -99.7034
850 -99.5217
851 -99.4261
852 -99.4674
853 -99.6422
854 -99.8841
855 -100.087
856 -100.174
857 -100.161
858 -100.13
859 -100.147
860 -100.221
861 -100.321
862 -100.429
863 -100.55
864 -100.684
865 -100.792
866 -100.84
867 -100.86
868 -100.952
869 -101.19
870 -101.542
871 -101.856
872 -102.011
873 -102.071
874 -102.255
875 -102.739
876 -103.53
877 -104.414
878 -105.033
879 -105.241
