0 0
1 -14.8804
2 -28.4986
3 -40.3846
4 -50.2198
5 -58.0627
6 -64.2857
7 -69.3236
8 -73.5052
9 -77.0429
10 -80.0882
11 -82.7757
12 -85.2398
13 -87.6148
14 -90.0343
15 -92.6404
16 -95.6102
17 -99.2095
18 -103.871
19 -109.391
20 -109.054
21 -105.252
22 -102.706
23 -101.141
24 -100.207
25 -99.7124
26 -99.548
27 -99.6473
28 -99.9636
29 -100.457
30 -101.085
31 -101.79
32 -102.49
33 -103.078
34 -103.445
35 -103.527
36 -103.342
37 -102.974
38 -102.524
39 -102.072
40 -101.668
41 -101.339
42 -101.093
43 -100.93
44 -100.843
45 -100.821
46 -100.85
47 -100.915
48 -100.999
49 -101.085
50 -101.16
51 -101.212
52 -101.235
53 -101.23
54 -101.201
55 -101.155
56 -101.104
57 -101.058
58 -101.027
59 -101.019
60 -101.041
61 -101.097
62 -101.189
63 -101.318
64 -101.485
65 -101.688
66 -101.925
67 -102.193
68 -102.488
69 -102.806
70 -103.143
71 -103.494
72 -103.856
73 -104.224
74 -104.594
75 -104.965
76 -105.332
77 -105.696
78 -106.054
79 -106.408
80 -106.758
81 -107.105
82 -107.45
83 -107.794
84 -108.136
85 -108.471
86 -108.792
87 -109.084
88 -109.325
89 -109.486
90 -109.534
91 -109.434
92 -109.165
93 -108.723
94 -108.125
95 -107.404
96 -106.599
97 -105.743
98 -104.866
99 -103.989
100 -103.125
101 -102.284
102 -101.47
103 -100.686
104 -99.9333
105 -99.2114
106 -98.5197
107 -97.8572
108 -97.2228
109 -96.6152
110 -96.0334
111 -95.4762
112 -94.9427
113 -94.432
114 -93.9434
115 -93.4762
116 -93.0298
117 -92.6038
118 -92.1979
119 -91.8116
120 -91.4447
121 -91.097
122 -90.7683
123 -90.4583
124 -90.167
125 -89.8942
126 -89.6397
127 -89.4033
128 -89.1849
129 -88.9844
130 -88.8013
131 -88.6356
132 -88.487
133 -88.355
134 -88.2393
135 -88.1396
136 -88.0554
137 -87.9862
138 -87.9314
139 -87.8903
140 -87.8623
141 -87.8465
142 -87.8421
143 -87.8481
144 -87.8634
145 -87.8868
146 -87.9172
147 -87.9532
148 -87.9933
149 -88.0361
150 -88.0802
151 -88.1239
152 -88.166
153 -88.205
154 -88.2396
155 -88.269
156 -88.2923
157 -88.309
158 -88.3188
159 -88.3218
160 -88.3185
161 -88.3095
162 -88.2956
163 -88.278
164 -88.2581
165 -88.237
166 -88.2163
167 -88.1974
168 -88.1816
169 -88.1702
170 -88.1643
171 -88.165
172 -88.1732
173 -88.1895
174 -88.2146
175 -88.2487
176 -88.2921
177 -88.3449
178 -88.407
179 -88.478
180 -88.5576
181 -88.6454
182 -88.7407
183 -88.8427
184 -88.9508
185 -89.064
186 -89.1816
187 -89.3026
188 -89.4263
189 -89.5519
190 -89.6786
191 -89.8059
192 -89.9334
193 -90.0606
194 -90.1875
195 -90.3138
196 -90.4396
197 -90.565
198 -90.6901
199 -90.815
200 -90.9398
201 -91.0645
202 -91.189
203 -91.3128
204 -91.4355
205 -91.5562
206 -91.674
207 -91.7875
208 -91.8952
209 -91.9955
210 -92.0866
211 -92.1665
212 -92.2337
213 -92.2865
214 -92.3238
215 -92.3448
216 -92.3493
217 -92.3377
218 -92.3107
219 -92.27
220 -92.2173
221 -92.155
222 -92.0855
223 -92.0115
224 -91.9355
225 -91.8601
226 -91.7877
227 -91.7202
228 -91.6596
229 -91.6075
230 -91.5652
231 -91.5339
232 -91.5144
233 -91.5074
234 -91.5133
235 -91.5324
236 -91.5646
237 -91.6099
238 -91.6679
239 -91.7383
240 -91.8204
241 -91.9135
242 -92.0169
243 -92.1297
244 -92.251
245 -92.3798
246 -92.5153
247 -92.6566
248 -92.8031
249 -92.9539
250 -93.1087
251 -93.267
252 -93.4285
253 -93.593
254 -93.7606
255 -93.9311
256 -94.1047
257 -94.2814
258 -94.4611
259 -94.6436
260 -94.8285
261 -95.0154
262 -95.2032
263 -95.3906
264 -95.576
265 -95.7572
266 -95.9316
267 -96.0964
268 -96.2484
269 -96.3844
270 -96.5013
271 -96.5962
272 -96.667
273 -96.7122
274 -96.7311
275 -96.7241
276 -96.6925
277 -96.6381
278 -96.5637
279 -96.4722
280 -96.3669
281 -96.251
282 -96.1277
283 -95.9999
284 -95.8702
285 -95.7407
286 -95.6133
287 -95.4895
288 -95.3705
289 -95.2571
290 -95.1501
291 -95.0501
292 -94.9575
293 -94.8729
294 -94.7967
295 -94.7295
296 -94.6717
297 -94.6241
298 -94.5871
299 -94.5614
300 -94.5476
301 -94.5464
302 -94.5583
303 -94.5841
304 -94.6243
305 -94.6795
306 -94.7506
307 -94.838
308 -94.9424
309 -95.0643
310 -95.2041
311 -95.362
312 -95.5382
313 -95.7325
314 -95.9448
315 -96.1747
316 -96.4221
317 -96.6865
318 -96.9677
319 -97.2655
320 -97.5797
321 -97.9101
322 -98.2563
323 -98.6177
324 -98.9934
325 -99.382
326 -99.7815
327 -100.189
328 -100.602
329 -101.017
330 -101.428
331 -101.833
332 -102.226
333 -102.603
334 -102.96
335 -103.29
336 -103.591
337 -103.857
338 -104.084
339 -104.268
340 -104.407
341 -104.501
342 -104.549
343 -104.555
344 -104.522
345 -104.453
346 -104.355
347 -104.232
348 -104.087
349 -103.926
350 -103.752
351 -103.568
352 -103.378
353 -103.187
354 -102.996
355 -102.81
356 -102.63
357 -102.458
358 -102.295
359 -102.141
360 -101.995
361 -101.856
362 -101.723
363 -101.593
364 -101.466
365 -101.339
366 -101.214
367 -101.089
368 -100.965
369 -100.844
370 -100.725
371 -100.61
372 -100.499
373 -100.393
374 -100.292
375 -100.196
376 -100.104
377 -100.018
378 -99.9377
379 -99.8632
380 -99.7954
381 -99.7347
382 -99.6819
383 -99.6372
384 -99.6009
385 -99.573
386 -99.5535
387 -99.5423
388 -99.5393
389 -99.5445
390 -99.5583
391 -99.5809
392 -99.6127
393 -99.6542
394 -99.7058
395 -99.7678
396 -99.8403
397 -99.9234
398 -100.017
399 -100.12
400 -100.234
401 -100.358
402 -100.491
403 -100.636
404 -100.792
405 -100.96
406 -101.142
407 -101.338
408 -101.55
409 -101.78
410 -102.028
411 -102.295
412 -102.583
413 -102.893
414 -103.228
415 -103.587
416 -103.975
417 -104.392
418 -104.842
419 -105.327
420 -105.851
421 -106.418
422 -107.031
423 -107.695
424 -108.416
425 -109.202
426 -110.061
427 -111.005
428 -112.048
429 -113.21
430 -114.518
431 -116.006
432 -117.719
433 -119.709
434 -122
435 -124.416
436 -126.085
437 -125.708
438 -123.849
439 -121.802
440 -120.014
441 -118.522
442 -117.277
443 -116.23
444 -115.339
445 -114.572
446 -113.906
447 -113.322
448 -112.807
449 -112.349
450 -111.939
451 -111.57
452 -111.237
453 -110.933
454 -110.655
455 -110.398
456 -110.16
457 -109.937
458 -109.726
459 -109.525
460 -109.332
461 -109.146
462 -108.964
463 -108.785
464 -108.609
465 -108.434
466 -108.26
467 -108.085
468 -107.91
469 -107.734
470 -107.557
471 -107.379
472 -107.2
473 -107.018
474 -106.835
475 -106.65
476 -106.464
477 -106.277
478 -106.089
479 -105.901
480 -105.713
481 -105.525
482 -105.339
483 -105.153
484 -104.97
485 -104.789
486 -104.611
487 -104.436
488 -104.265
489 -104.099
490 -103.937
491 -103.78
492 -103.628
493 -103.483
494 -103.344
495 -103.211
496 -103.085
497 -102.965
498 -102.852
499 -102.745
500 -102.645
501 -102.552
502 -102.466
503 -102.387
504 -102.316
505 -102.252
506 -102.195
507 -102.145
508 -102.102
509 -102.066
510 -102.036
511 -102.013
512 -101.996
513 -101.986
514 -101.982
515 -101.983
516 -101.99
517 -102.003
518 -102.021
519 -102.044
520 -102.073
521 -102.107
522 -102.144
523 -102.186
524 -102.23
525 -102.279
526 -102.332
527 -102.39
528 -102.454
529 -102.525
530 -102.602
531 -102.684
532 -102.77
533 -102.858
534 -102.948
535 -103.039
536 -103.131
537 -103.224
538 -103.321
539 -103.421
540 -103.526
541 -103.637
542 -103.753
543 -103.876
544 -104.003
545 -104.136
546 -104.274
547 -104.417
548 -104.568
549 -104.727
550 -104.897
551 -105.08
552 -105.276
553 -105.486
554 -105.708
555 -105.94
556 -106.179
557 -106.424
558 -106.674
559 -106.93
560 -107.192
561 -107.463
562 -107.746
563 -108.041
564 -108.352
565 -108.68
566 -109.029
567 -109.4
568 -109.794
569 -110.211
570 -110.649
571 -111.102
572 -111.564
573 -112.025
574 -112.478
575 -112.916
576 -113.338
577 -113.744
578 -114.136
579 -114.518
580 -114.889
581 -115.241
582 -115.562
583 -115.833
584 -116.028
585 -116.125
586 -116.109
587 -115.98
588 -115.755
589 -115.465
590 -115.151
591 -114.849
592 -114.593
593 -114.403
594 -114.286
595 -114.233
596 -114.222
597 -114.221
598 -114.2
599 -114.137
600 -114.032
601 -113.908
602 -113.796
603 -113.731
604 -113.734
605 -113.81
606 -113.943
607 -114.099
608 -114.233
609 -114.297
610 -114.268
611 -114.15
612 -113.972
613 -113.775
614 -113.593
615 -113.446
616 -113.342
617 -113.272
618 -113.222
619 -113.173
620 -113.107
621 -113.015
622 -112.894
623 -112.748
624 -112.585
625 -112.414
626 -112.242
627 -112.072
628 -111.901
629 -111.727
630 -111.543
631 -111.346
632 -111.133
633 -110.903
634 -110.657
635 -110.398
636 -110.13
637 -109.856
638 -109.579
639 -109.303
640 -109.031
641 -108.764
642 -108.504
643 -108.251
644 -108.005
645 -107.765
646 -107.531
647 -107.303
648 -107.083
649 -106.871
650 -106.668
651 -106.474
652 -106.289
653 -106.113
654 -105.945
655 -105.785
656 -105.632
657 -105.486
658 -105.348
659 -105.215
660 -105.089
661 -104.968
662 -104.852
663 -104.741
664 -104.636
665 -104.536
666 -104.442
667 -104.352
668 -104.267
669 -104.185
670 -104.106
671 -104.028
672 -103.952
673 -103.876
674 -103.801
675 -103.727
676 -103.653
677 -103.579
678 -103.505
679 -103.43
680 -103.352
681 -103.271
682 -103.185
683 -103.094
684 -102.998
685 -102.899
686 -102.798
687 -102.697
688 -102.597
689 -102.498
690 -102.402
691 -102.307
692 -102.214
693 -102.12
694 -102.022
695 -101.917
696 -101.804
697 -101.685
698 -101.563
699 -101.443
700 -101.329
701 -101.221
702 -101.118
703 -101.014
704 -100.904
705 -100.787
706 -100.665
707 -100.544
708 -100.433
709 -100.34
710 -100.265
711 -100.205
712 -100.154
713 -100.104
714 -100.055
715 -100.008
716 -99.9689
717 -99.9398
718 -99.9215
719 -99.91
720 -99.8997
721 -99.8866
722 -99.8715
723 -99.8618
724 -99.8692
725 -99.9047
726 -99.9721
727 -100.064
728 -100.163
729 -100.25
730 -100.319
731 -100.381
732 -100.465
733 -100.607
734 -100.828
735 -101.125
736 -101.468
737 -101.81
738 -102.103
739 -102.331
740 -102.52
741 -102.717
742 -102.969
743 -103.295
744 -103.675
745 -104.06
746 -104.386
747 -104.613
748 -104.743
749 -104.817
750 -104.891
751 -105.005
752 -105.173
753 -105.386
754 -105.621
755 -105.855
756 -106.073
757 -106.276
758 -106.477
759 -106.695
760 -106.944
761 -107.229
762 -107.548
763 -107.893
764 -108.25
765 -108.609
766 -108.96
767 -109.303
768 -109.637
769 -109.964
770 -110.288
771 -110.608
772 -110.923
773 -111.227
774 -111.513
775 -111.773
776 -112.004
777 -112.202
778 -112.359
779 -112.471
780 -112.541
781 -112.567
782 -112.545
783 -112.472
784 -112.353
785 -112.198
786 -112.012
787 -111.796
788 -111.561
789 -111.325
790 -111.093
791 -110.852
792 -110.581
793 -110.285
794 -109.984
795 -109.69
796 -109.393
797 -109.075
798 -108.74
799 -108.424
800 -108.157
801 -107.941
802 -107.745
803 -107.54
804 -107.314
805 -107.076
806 -106.846
807 -106.636
808 -106.449
809 -106.275
810 -106.101
811 -105.915
812 -105.717
813 -105.523
814 -105.356
815 -105.219
816 -105.073
817 -104.853
818 -104.526
819 -104.143
820 -103.81
821 -103.62
822 -103.6
823 -103.695
824 -103.775
825 -103.706
826 -103.453
827 -103.12
828 -102.864
829 -102.797
830 -102.95
831 -103.269
832 -103.635
833 -103.911
834 -104.024
835 -104.01
836 -103.98
837 -104.046
838 -104.267
839 -104.634
840 -105.069
841 -105.463
842 -105.737
843 -105.879
844 -105.927
845 -105.937
846 -105.957
847 -106.023
848 -106.134
849 -106.256
850 -106.345
851 -106.384
852 -106.393
853 -106.399
854 -106.405
855 -106.404
856 -106.401
857 -106.416
858 -106.462
859 -106.525
860 -106.577
861 -106.611
862 -106.649
863 -106.711
864 -106.783
865 -106.828
866 -106.844
867 -106.882
868 -106.995
869 -107.174
870 -107.339
871 -107.43
872 -107.503
873 -107.705
874 -108.14
875 -108.758
876 -109.334
877 -109.626
878 -109.667
879 -109.761
